#hostname	latitude	longitude	rtt[ms]	ttl	country
#ripeID measurement:	3639575
850	50.3575	7.5895	9.841154	47	Germany
850	50.3575	7.5895	9.991682	47	Germany
850	50.3575	7.5895	9.950978	47	Germany
6029	50.5815	3.1385	5.131892	55	France
6029	50.5815	3.1385	5.113228	55	France
6029	50.5815	3.1385	5.05328	55	France
6047	52.8405	-6.9305	3.670828	59	Ireland
6047	52.8405	-6.9305	3.652809	59	Ireland
6047	52.8405	-6.9305	3.645679	59	Ireland
6132	14.6485	121.0685	66.726961	50	Philippines
6132	14.6485	121.0685	66.763818	50	Philippines
6132	14.6485	121.0685	66.734461	50	Philippines
19592	-18.9115	47.5315	224.63109	46	Madagascar
19592	-18.9115	47.5315	223.808845	46	Madagascar
19592	-18.9115	47.5315	223.837885	46	Madagascar
12605	49.9895	36.2175	55.71402	50	Ukraine
12605	49.9895	36.2175	55.46298	50	Ukraine
12605	49.9895	36.2175	55.53924	50	Ukraine
13663	-30.0315	-51.2295	17.128955	56	Brazil
13663	-30.0315	-51.2295	17.081295	56	Brazil
13663	-30.0315	-51.2295	17.040545	56	Brazil
4777	41.8705	12.4805	10.022402	60	Italy
4777	41.8705	12.4805	9.966338	60	Italy
4777	41.8705	12.4805	10.002434	60	Italy
3579	29.7315	-95.3595	23.764997	53	United States
3579	29.7315	-95.3595	19.961091	53	United States
3579	29.7315	-95.3595	25.026822	53	United States
6055	-27.4705	153.0295	17.407227	59	Australia
6055	-27.4705	153.0295	17.364166	59	Australia
6055	-27.4705	153.0295	17.359746	59	Australia
