#hostname	latitude	longitude	rtt[ms]	ttl	country
#ripeID measurement:	3639567
3579	29.7315	-95.3595	164.51408	50	United States
3579	29.7315	-95.3595	162.41744	50	United States
3579	29.7315	-95.3595	156.752672	50	United States
4777	41.8705	12.4805	41.744649	62	Italy
4777	41.8705	12.4805	41.838344	62	Italy
4777	41.8705	12.4805	41.746952	62	Italy
19592	-18.9115	47.5315	232.774605	51	Madagascar
19592	-18.9115	47.5315	232.15261	51	Madagascar
19592	-18.9115	47.5315	232.395515	51	Madagascar
6047	52.8405	-6.9305	20.61952	58	Ireland
6047	52.8405	-6.9305	20.779591	58	Ireland
6047	52.8405	-6.9305	20.68361	58	Ireland
850	50.3575	7.5895	14.031363	57	Germany
850	50.3575	7.5895	13.924611	57	Germany
850	50.3575	7.5895	13.917699	57	Germany
6029	50.5815	3.1385	15.262081	56	France
6029	50.5815	3.1385	15.187284	56	France
6029	50.5815	3.1385	15.333754	56	France
13663	-30.0315	-51.2295	229.7442	54	Brazil
13663	-30.0315	-51.2295	229.579885	54	Brazil
13663	-30.0315	-51.2295	229.53914	54	Brazil
6055	-27.4705	153.0295	312.915906	50	Australia
6055	-27.4705	153.0295	312.631144	50	Australia
6055	-27.4705	153.0295	312.695907	50	Australia
12605	49.9895	36.2175	45.23289	60	Ukraine
12605	49.9895	36.2175	44.7426	60	Ukraine
12605	49.9895	36.2175	45.06126	60	Ukraine
6132	14.6485	121.0685	306.485762	55	Philippines
6132	14.6485	121.0685	306.367914	55	Philippines
6132	14.6485	121.0685	306.332392	55	Philippines
