#hostname	latitude	longitude	rtt[ms]	ttl	country
#ripeID measurement:	3639566
4777	41.8705	12.4805	41.80148	62	Italy
4777	41.8705	12.4805	41.871368	62	Italy
4777	41.8705	12.4805	41.803016	62	Italy
3579	29.7315	-95.3595	157.933087	50	United States
3579	29.7315	-95.3595	164.849697	50	United States
3579	29.7315	-95.3595	152.388126	50	United States
6047	52.8405	-6.9305	20.594626	58	Ireland
6047	52.8405	-6.9305	20.580192	58	Ireland
6047	52.8405	-6.9305	20.496704	58	Ireland
19592	-18.9115	47.5315	232.58959	51	Madagascar
19592	-18.9115	47.5315	232.181455	51	Madagascar
19592	-18.9115	47.5315	232.348505	51	Madagascar
6029	50.5815	3.1385	15.266821	56	France
6029	50.5815	3.1385	15.190695	56	France
6029	50.5815	3.1385	15.325078	56	France
850	50.3575	7.5895	14.042882	57	Germany
850	50.3575	7.5895	13.904643	57	Germany
850	50.3575	7.5895	13.922307	57	Germany
13663	-30.0315	-51.2295	229.67422	54	Brazil
13663	-30.0315	-51.2295	229.618925	54	Brazil
13663	-30.0315	-51.2295	229.699945	54	Brazil
6055	-27.4705	153.0295	312.04961	50	Australia
6055	-27.4705	153.0295	312.037578	50	Australia
6055	-27.4705	153.0295	312.276225	50	Australia
12605	49.9895	36.2175	44.89301	60	Ukraine
12605	49.9895	36.2175	44.8729	60	Ukraine
12605	49.9895	36.2175	44.74715	60	Ukraine
6132	14.6485	121.0685	306.311318	55	Philippines
6132	14.6485	121.0685	306.850554	55	Philippines
6132	14.6485	121.0685	306.275415	55	Philippines
