#hostname	latitude	longitude	rtt[ms]	ttl	country
#ripeID measurement:	3639570
850	50.3575	7.5895	13.887746	57	Germany
850	50.3575	7.5895	13.926915	57	Germany
850	50.3575	7.5895	13.963779	57	Germany
6047	52.8405	-6.9305	20.563026	58	Ireland
6047	52.8405	-6.9305	20.790682	58	Ireland
6047	52.8405	-6.9305	20.718138	58	Ireland
12605	49.9895	36.2175	46.56833	60	Ukraine
12605	49.9895	36.2175	46.439745	60	Ukraine
12605	49.9895	36.2175	46.126395	60	Ukraine
4777	41.8705	12.4805	41.891336	62	Italy
4777	41.8705	12.4805	41.844488	62	Italy
4777	41.8705	12.4805	41.780744	62	Italy
6055	-27.4705	153.0295	311.996394	50	Australia
6055	-27.4705	153.0295	311.998957	50	Australia
6055	-27.4705	153.0295	312.055673	50	Australia
19592	-18.9115	47.5315	232.847245	51	Madagascar
19592	-18.9115	47.5315	232.255735	51	Madagascar
19592	-18.9115	47.5315	232.111775	51	Madagascar
6029	50.5815	3.1385	15.255311	56	France
6029	50.5815	3.1385	15.359227	56	France
6029	50.5815	3.1385	15.177645	56	France
6132	14.6485	121.0685	306.50963	55	Philippines
6132	14.6485	121.0685	306.399428	55	Philippines
6132	14.6485	121.0685	306.383503	55	Philippines
13663	-30.0315	-51.2295	229.715475	54	Brazil
13663	-30.0315	-51.2295	229.712925	54	Brazil
13663	-30.0315	-51.2295	229.565555	54	Brazil
3579	29.7315	-95.3595	159.38384	50	United States
3579	29.7315	-95.3595	163.045665	50	United States
3579	29.7315	-95.3595	152.958751	50	United States
