#hostname	latitude	longitude	rtt[ms]	ttl	country
#ripeID measurement:	3639571
6029	50.5815	3.1385	15.431448	56	France
6029	50.5815	3.1385	15.240607	56	France
6029	50.5815	3.1385	15.2943	56	France
850	50.3575	7.5895	13.936131	57	Germany
850	50.3575	7.5895	13.923075	57	Germany
850	50.3575	7.5895	13.918467	57	Germany
6132	14.6485	121.0685	306.648081	55	Philippines
6132	14.6485	121.0685	306.355484	55	Philippines
6132	14.6485	121.0685	306.573896	55	Philippines
3579	29.7315	-95.3595	157.698847	50	United States
3579	29.7315	-95.3595	145.948445	50	United States
3579	29.7315	-95.3595	150.88131	50	United States
4777	41.8705	12.4805	41.806856	62	Italy
4777	41.8705	12.4805	41.756169	62	Italy
4777	41.8705	12.4805	41.763081	62	Italy
19592	-18.9115	47.5315	232.81456	51	Madagascar
19592	-18.9115	47.5315	232.25129	51	Madagascar
19592	-18.9115	47.5315	238.20186	51	Madagascar
6055	-27.4705	153.0295	312.202874	50	Australia
6055	-27.4705	153.0295	312.076656	50	Australia
6055	-27.4705	153.0295	312.133112	50	Australia
12605	49.9895	36.2175	46.46327	60	Ukraine
12605	49.9895	36.2175	46.252845	60	Ukraine
12605	49.9895	36.2175	46.41656	60	Ukraine
6047	52.8405	-6.9305	20.613136	58	Ireland
6047	52.8405	-6.9305	20.677254	58	Ireland
6047	52.8405	-6.9305	20.778176	58	Ireland
13663	-30.0315	-51.2295	229.619735	54	Brazil
13663	-30.0315	-51.2295	229.63217	54	Brazil
13663	-30.0315	-51.2295	229.65137	54	Brazil
