#hostname	latitude	longitude	rtt[ms]	ttl	country
#ripeID measurement:	3639573
19592	-18.9115	47.5315	232.62804	51	Madagascar
19592	-18.9115	47.5315	232.437875	51	Madagascar
19592	-18.9115	47.5315	232.38845	51	Madagascar
3579	29.7315	-95.3595	166.362658	50	United States
3579	29.7315	-95.3595	156.039968	50	United States
3579	29.7315	-95.3595	156.116	50	United States
13663	-30.0315	-51.2295	229.70526	54	Brazil
13663	-30.0315	-51.2295	229.55562	54	Brazil
13663	-30.0315	-51.2295	229.55661	54	Brazil
6047	52.8405	-6.9305	20.576316	58	Ireland
6047	52.8405	-6.9305	20.617196	58	Ireland
6047	52.8405	-6.9305	20.720713	58	Ireland
6029	50.5815	3.1385	15.241052	56	France
6029	50.5815	3.1385	15.367277	56	France
6029	50.5815	3.1385	15.336963	56	France
12605	49.9895	36.2175	46.3945	60	Ukraine
12605	49.9895	36.2175	46.45482	60	Ukraine
12605	49.9895	36.2175	46.45115	60	Ukraine
850	50.3575	7.5895	13.903874	57	Germany
850	50.3575	7.5895	13.914627	57	Germany
850	50.3575	7.5895	13.919235	57	Germany
4777	41.8705	12.4805	41.83988	62	Italy
4777	41.8705	12.4805	41.769992	62	Italy
4777	41.8705	12.4805	41.831432	62	Italy
6055	-27.4705	153.0295	312.126156	50	Australia
6055	-27.4705	153.0295	312.119342	50	Australia
6055	-27.4705	153.0295	311.936297	50	Australia
6132	14.6485	121.0685	306.522549	55	Philippines
6132	14.6485	121.0685	306.205311	55	Philippines
6132	14.6485	121.0685	306.21263	55	Philippines
