#hostname	latitude	longitude	rtt[ms]	ttl	country
#ripeID measurement:	3639574
6029	50.5815	3.1385	5.16895	55	France
6029	50.5815	3.1385	5.110572	55	France
6029	50.5815	3.1385	5.111727	55	France
4777	41.8705	12.4805	9.96557	60	Italy
4777	41.8705	12.4805	10.125314	60	Italy
4777	41.8705	12.4805	9.92333	60	Italy
6047	52.8405	-6.9305	3.667582	59	Ireland
6047	52.8405	-6.9305	3.644329	59	Ireland
6047	52.8405	-6.9305	3.683628	59	Ireland
6132	14.6485	121.0685	66.12469	50	Philippines
6132	14.6485	121.0685	66.060639	50	Philippines
6132	14.6485	121.0685	65.846269	50	Philippines
850	50.3575	7.5895	9.921026	47	Germany
850	50.3575	7.5895	9.993986	47	Germany
850	50.3575	7.5895	9.980162	47	Germany
3579	29.7315	-95.3595	23.665157	53	United States
3579	29.7315	-95.3595	22.58842	53	United States
3579	29.7315	-95.3595	27.65799	53	United States
12605	49.9895	36.2175	55.745135	50	Ukraine
12605	49.9895	36.2175	55.60968	50	Ukraine
12605	49.9895	36.2175	55.620245	50	Ukraine
6055	-27.4705	153.0295	17.422957	59	Australia
6055	-27.4705	153.0295	17.406096	59	Australia
6055	-27.4705	153.0295	17.364946	59	Australia
19592	-18.9115	47.5315	224.20085	46	Madagascar
19592	-18.9115	47.5315	223.706045	46	Madagascar
19592	-18.9115	47.5315	223.665385	46	Madagascar
13663	-30.0315	-51.2295	16.1234	56	Brazil
13663	-30.0315	-51.2295	16.049135	56	Brazil
13663	-30.0315	-51.2295	16.02962	56	Brazil
