#hostname	latitude	longitude	rtt[ms]	ttl	country
#ripeID measurement:	3639572
3579	29.7315	-95.3595	166.016289	50	United States
3579	29.7315	-95.3595	153.737503	50	United States
3579	29.7315	-95.3595	158.747936	50	United States
4777	41.8705	12.4805	41.846024	62	Italy
4777	41.8705	12.4805	41.864456	62	Italy
4777	41.8705	12.4805	42.169352	62	Italy
13663	-30.0315	-51.2295	229.615735	54	Brazil
13663	-30.0315	-51.2295	229.593005	54	Brazil
13663	-30.0315	-51.2295	229.559085	54	Brazil
12605	49.9895	36.2175	46.393715	60	Ukraine
12605	49.9895	36.2175	46.54832	60	Ukraine
12605	49.9895	36.2175	46.32834	60	Ukraine
19592	-18.9115	47.5315	232.37842	51	Madagascar
19592	-18.9115	47.5315	232.526445	51	Madagascar
19592	-18.9115	47.5315	232.275785	51	Madagascar
850	50.3575	7.5895	14.011394	57	Germany
850	50.3575	7.5895	13.896195	57	Germany
850	50.3575	7.5895	13.954563	57	Germany
6029	50.5815	3.1385	15.387915	56	France
6029	50.5815	3.1385	15.392341	56	France
6029	50.5815	3.1385	15.40807	56	France
6047	52.8405	-6.9305	20.653794	58	Ireland
6047	52.8405	-6.9305	20.520894	58	Ireland
6047	52.8405	-6.9305	20.543828	58	Ireland
6055	-27.4705	153.0295	311.991329	50	Australia
6055	-27.4705	153.0295	312.112981	50	Australia
6055	-27.4705	153.0295	312.07581	50	Australia
6132	14.6485	121.0685	306.18343	55	Philippines
6132	14.6485	121.0685	306.342602	55	Philippines
6132	14.6485	121.0685	306.305372	55	Philippines
