#hostname	latitude	longitude	rtt[ms]	ttl	country
#ripeID measurement:	3640028
4777	41.8705	12.4805	9.916418	60	Italy
4777	41.8705	12.4805	9.932546	60	Italy
4777	41.8705	12.4805	9.90029	60	Italy
12605	49.9895	36.2175	61.18714	50	Ukraine
12605	49.9895	36.2175	61.142165	50	Ukraine
12605	49.9895	36.2175	61.143945	50	Ukraine
3579	29.7315	-95.3595	20.818949	53	United States
3579	29.7315	-95.3595	25.601286	53	United States
3579	29.7315	-95.3595	28.089606	53	United States
19592	-18.9115	47.5315	224.02496	47	Madagascar
19592	-18.9115	47.5315	223.69287	47	Madagascar
19592	-18.9115	47.5315	223.6345	47	Madagascar
850	50.3575	7.5895	9.574658	47	Germany
850	50.3575	7.5895	9.74669	47	Germany
850	50.3575	7.5895	9.730562	47	Germany
6029	50.5815	3.1385	5.121547	55	France
6029	50.5815	3.1385	5.130272	55	France
6029	50.5815	3.1385	5.131147	55	France
6132	14.6485	121.0685	67.011938	50	Philippines
6132	14.6485	121.0685	67.098807	50	Philippines
6132	14.6485	121.0685	67.103797	50	Philippines
6047	52.8405	-6.9305	3.679768	59	Ireland
6047	52.8405	-6.9305	3.649634	59	Ireland
6047	52.8405	-6.9305	3.666568	59	Ireland
6055	-27.4705	153.0295	17.510364	59	Australia
6055	-27.4705	153.0295	17.475534	59	Australia
6055	-27.4705	153.0295	17.384046	59	Australia
