#hostname	latitude	longitude	rtt[ms]	ttl	country
#ripeID measurement:	3640053
6047	52.8405	-6.9305	3.686708	59	Ireland
6047	52.8405	-6.9305	3.616179	59	Ireland
6047	52.8405	-6.9305	3.652528	59	Ireland
6029	50.5815	3.1385	5.312158	55	France
6029	50.5815	3.1385	5.276106	55	France
6029	50.5815	3.1385	5.323238	55	France
12605	49.9895	36.2175	61.28593	50	Ukraine
12605	49.9895	36.2175	61.231945	50	Ukraine
12605	49.9895	36.2175	61.23473	50	Ukraine
850	50.3575	7.5895	10.579202	47	Germany
850	50.3575	7.5895	10.049282	47	Germany
850	50.3575	7.5895	10.04237	47	Germany
6055	-27.4705	153.0295	17.440643	59	Australia
6055	-27.4705	153.0295	17.537674	59	Australia
6055	-27.4705	153.0295	18.072264	59	Australia
4777	41.8705	12.4805	9.861122	60	Italy
4777	41.8705	12.4805	9.972482	60	Italy
4777	41.8705	12.4805	9.95021	60	Italy
19592	-18.9115	47.5315	224.002165	47	Madagascar
19592	-18.9115	47.5315	223.352525	47	Madagascar
19592	-18.9115	47.5315	223.352695	47	Madagascar
6132	14.6485	121.0685	71.001652	50	Philippines
6132	14.6485	121.0685	66.863087	50	Philippines
6132	14.6485	121.0685	75.817634	50	Philippines
3579	29.7315	-95.3595	22.442501	53	United States
3579	29.7315	-95.3595	21.736708	53	United States
3579	29.7315	-95.3595	20.839684	53	United States
