#hostname	latitude	longitude	rtt[ms]	ttl	country
#ripeID measurement:	3640068
6047	52.8405	-6.9305	3.681343	59	Ireland
6047	52.8405	-6.9305	3.596471	59	Ireland
6047	52.8405	-6.9305	3.63365	59	Ireland
850	50.3575	7.5895	9.68909	47	Germany
850	50.3575	7.5895	9.699842	47	Germany
850	50.3575	7.5895	9.735938	47	Germany
6029	50.5815	3.1385	5.122767	55	France
6029	50.5815	3.1385	5.099858	55	France
6029	50.5815	3.1385	5.098938	55	France
4777	41.8705	12.4805	9.92717	60	Italy
4777	41.8705	12.4805	9.967106	60	Italy
4777	41.8705	12.4805	9.940226	60	Italy
6055	-27.4705	153.0295	17.535264	59	Australia
6055	-27.4705	153.0295	17.322569	59	Australia
6055	-27.4705	153.0295	17.390826	59	Australia
6132	14.6485	121.0685	66.689748	50	Philippines
6132	14.6485	121.0685	66.474047	50	Philippines
6132	14.6485	121.0685	93.368613	50	Philippines
13663	-30.0315	-51.2295	16.13178	56	Brazil
13663	-30.0315	-51.2295	16.21153	56	Brazil
12605	49.9895	36.2175	61.326615	50	Ukraine
12605	49.9895	36.2175	61.20632	50	Ukraine
12605	49.9895	36.2175	61.201095	50	Ukraine
19592	-18.9115	47.5315	221.939115	46	Madagascar
19592	-18.9115	47.5315	221.539205	46	Madagascar
19592	-18.9115	47.5315	221.515275	46	Madagascar
3579	29.7315	-95.3595	27.39687	53	United States
3579	29.7315	-95.3595	23.854853	53	United States
3579	29.7315	-95.3595	23.633669	53	United States
