#hostname	latitude	longitude	rtt[ms]	ttl	country
#ripeID measurement:	3640069
12605	49.9895	36.2175	61.350815	50	Ukraine
12605	49.9895	36.2175	61.27313	50	Ukraine
12605	49.9895	36.2175	61.198385	50	Ukraine
6047	52.8405	-6.9305	3.686713	59	Ireland
6047	52.8405	-6.9305	3.640474	59	Ireland
6047	52.8405	-6.9305	3.640304	59	Ireland
3579	29.7315	-95.3595	21.516293	53	United States
3579	29.7315	-95.3595	26.569734	53	United States
3579	29.7315	-95.3595	21.237508	53	United States
13663	-30.0315	-51.2295	16.12015	56	Brazil
13663	-30.0315	-51.2295	16.122035	56	Brazil
13663	-30.0315	-51.2295	16.14493	56	Brazil
19592	-18.9115	47.5315	221.94268	46	Madagascar
19592	-18.9115	47.5315	221.624795	46	Madagascar
19592	-18.9115	47.5315	221.565895	46	Madagascar
850	50.3575	7.5895	9.560834	47	Germany
850	50.3575	7.5895	9.733634	47	Germany
850	50.3575	7.5895	9.549314	47	Germany
4777	41.8705	12.4805	10.758146	60	Italy
4777	41.8705	12.4805	9.944834	60	Italy
4777	41.8705	12.4805	9.951746	60	Italy
6029	50.5815	3.1385	5.124102	55	France
6029	50.5815	3.1385	5.087044	55	France
6029	50.5815	3.1385	5.106602	55	France
6055	-27.4705	153.0295	17.433823	59	Australia
6055	-27.4705	153.0295	17.393101	59	Australia
6055	-27.4705	153.0295	17.386711	59	Australia
6132	14.6485	121.0685	67.003684	50	Philippines
6132	14.6485	121.0685	66.482517	50	Philippines
6132	14.6485	121.0685	70.496571	50	Philippines
