#hostname	latitude	longitude	rtt[ms]	ttl	country
#ripeID measurement:	3640032
12605	49.9895	36.2175	61.18973	50	Ukraine
12605	49.9895	36.2175	61.1274	50	Ukraine
12605	49.9895	36.2175	61.182365	50	Ukraine
850	50.3575	7.5895	9.668354	47	Germany
850	50.3575	7.5895	9.72365	47	Germany
850	50.3575	7.5895	9.699074	47	Germany
4777	41.8705	12.4805	9.825026	60	Italy
4777	41.8705	12.4805	9.957122	60	Italy
4777	41.8705	12.4805	9.960962	60	Italy
19592	-18.9115	47.5315	224.50368	47	Madagascar
19592	-18.9115	47.5315	223.808715	47	Madagascar
19592	-18.9115	47.5315	223.712925	47	Madagascar
6055	-27.4705	153.0295	17.423917	59	Australia
6055	-27.4705	153.0295	17.379206	59	Australia
6055	-27.4705	153.0295	17.421727	59	Australia
6029	50.5815	3.1385	5.115128	55	France
6029	50.5815	3.1385	5.105583	55	France
6029	50.5815	3.1385	5.115908	55	France
3579	29.7315	-95.3595	23.925509	53	United States
3579	29.7315	-95.3595	24.669701	53	United States
3579	29.7315	-95.3595	24.731141	53	United States
6047	52.8405	-6.9305	3.664152	59	Ireland
6047	52.8405	-6.9305	3.636769	59	Ireland
6047	52.8405	-6.9305	3.649828	59	Ireland
6132	14.6485	121.0685	67.13175	50	Philippines
6132	14.6485	121.0685	67.087603	50	Philippines
6132	14.6485	121.0685	66.987815	50	Philippines
13663	-30.0315	-51.2295	16.11582	56	Brazil
13663	-30.0315	-51.2295	16.003215	56	Brazil
13663	-30.0315	-51.2295	16.02723	56	Brazil
