#hostname	latitude	longitude	rtt[ms]	ttl	country
#ripeID measurement:	3640041
6047	52.8405	-6.9305	3.684217	59	Ireland
6047	52.8405	-6.9305	3.652094	59	Ireland
6047	52.8405	-6.9305	3.642509	59	Ireland
6055	-27.4705	153.0295	17.397365	59	Australia
6055	-27.4705	153.0295	17.304499	59	Australia
6055	-27.4705	153.0295	17.414572	59	Australia
12605	49.9895	36.2175	61.55911	50	Ukraine
12605	49.9895	36.2175	61.472145	50	Ukraine
12605	49.9895	36.2175	61.457525	50	Ukraine
13663	-30.0315	-51.2295	16.12931	56	Brazil
13663	-30.0315	-51.2295	16.09248	56	Brazil
13663	-30.0315	-51.2295	16.02853	56	Brazil
850	50.3575	7.5895	9.772802	47	Germany
850	50.3575	7.5895	9.831937	47	Germany
850	50.3575	7.5895	9.87341	47	Germany
3579	29.7315	-95.3595	23.98618	53	United States
3579	29.7315	-95.3595	23.370245	53	United States
3579	29.7315	-95.3595	29.660166	53	United States
6029	50.5815	3.1385	5.116927	55	France
6029	50.5815	3.1385	5.141356	55	France
6029	50.5815	3.1385	5.103964	55	France
6132	14.6485	121.0685	66.514791	50	Philippines
6132	14.6485	121.0685	66.787078	50	Philippines
6132	14.6485	121.0685	66.568716	50	Philippines
19592	-18.9115	47.5315	224.866425	46	Madagascar
19592	-18.9115	47.5315	223.63688	46	Madagascar
19592	-18.9115	47.5315	223.831	46	Madagascar
4777	41.8705	12.4805	9.913346	60	Italy
4777	41.8705	12.4805	9.940994	60	Italy
4777	41.8705	12.4805	9.96557	60	Italy
