#hostname	latitude	longitude	rtt[ms]	ttl	country
#ripeID measurement:	3640071
6029	50.5815	3.1385	5.138147	55	France
6029	50.5815	3.1385	5.28714	55	France
6029	50.5815	3.1385	5.100568	55	France
850	50.3575	7.5895	9.540866	47	Germany
850	50.3575	7.5895	9.724418	47	Germany
850	50.3575	7.5895	9.707522	47	Germany
4777	41.8705	12.4805	9.81197	60	Italy
4777	41.8705	12.4805	9.937154	60	Italy
4777	41.8705	12.4805	10.414082	60	Italy
12605	49.9895	36.2175	61.34645	50	Ukraine
12605	49.9895	36.2175	61.24629	50	Ukraine
12605	49.9895	36.2175	61.284025	50	Ukraine
6047	52.8405	-6.9305	3.700106	59	Ireland
6047	52.8405	-6.9305	3.623085	59	Ireland
6047	52.8405	-6.9305	3.621615	59	Ireland
6132	14.6485	121.0685	67.503906	50	Philippines
6132	14.6485	121.0685	82.975319	50	Philippines
6132	14.6485	121.0685	123.805941	50	Philippines
13663	-30.0315	-51.2295	16.168195	56	Brazil
13663	-30.0315	-51.2295	16.08858	56	Brazil
13663	-30.0315	-51.2295	16.11328	56	Brazil
3579	29.7315	-95.3595	27.464453	53	United States
3579	29.7315	-95.3595	22.061573	53	United States
3579	29.7315	-95.3595	22.093829	53	United States
19592	-18.9115	47.5315	222.18434	46	Madagascar
19592	-18.9115	47.5315	221.488625	46	Madagascar
19592	-18.9115	47.5315	221.49891	46	Madagascar
6055	-27.4705	153.0295	17.432172	59	Australia
6055	-27.4705	153.0295	17.392606	59	Australia
6055	-27.4705	153.0295	17.339865	59	Australia
