#hostname	latitude	longitude	rtt[ms]	ttl	country
#ripeID measurement:	3640044
6029	50.5815	3.1385	5.161521	55	France
6029	50.5815	3.1385	5.122507	55	France
6029	50.5815	3.1385	5.115683	55	France
850	50.3575	7.5895	9.729026	47	Germany
850	50.3575	7.5895	9.801218	47	Germany
850	50.3575	7.5895	9.785858	47	Germany
6055	-27.4705	153.0295	17.590671	59	Australia
6055	-27.4705	153.0295	18.887587	59	Australia
6055	-27.4705	153.0295	17.722985	59	Australia
19592	-18.9115	47.5315	224.548845	46	Madagascar
19592	-18.9115	47.5315	223.58425	46	Madagascar
19592	-18.9115	47.5315	224.507565	46	Madagascar
12605	49.9895	36.2175	61.243645	50	Ukraine
12605	49.9895	36.2175	61.207945	50	Ukraine
12605	49.9895	36.2175	61.18878	50	Ukraine
6047	52.8405	-6.9305	3.691146	59	Ireland
6047	52.8405	-6.9305	3.62102	59	Ireland
6047	52.8405	-6.9305	3.632779	59	Ireland
6132	14.6485	121.0685	66.532573	50	Philippines
6132	14.6485	121.0685	66.565737	50	Philippines
6132	14.6485	121.0685	66.60496	50	Philippines
4777	41.8705	12.4805	9.808898	60	Italy
4777	41.8705	12.4805	9.960962	60	Italy
4777	41.8705	12.4805	9.976322	60	Italy
3579	29.7315	-95.3595	33.515527	53	United States
3579	29.7315	-95.3595	26.650374	53	United States
3579	29.7315	-95.3595	24.299525	53	United States
13663	-30.0315	-51.2295	16.241675	56	Brazil
13663	-30.0315	-51.2295	16.04582	56	Brazil
