#hostname	latitude	longitude	rtt[ms]	ttl	country
#ripeID measurement:	3640056
6047	52.8405	-6.9305	3.673469	59	Ireland
6047	52.8405	-6.9305	3.61383	59	Ireland
6047	52.8405	-6.9305	3.639104	59	Ireland
6132	14.6485	121.0685	68.027473	50	Philippines
6132	14.6485	121.0685	85.817772	50	Philippines
6132	14.6485	121.0685	98.153637	50	Philippines
3579	29.7315	-95.3595	25.894661	53	United States
3579	29.7315	-95.3595	25.200389	53	United States
3579	29.7315	-95.3595	26.089733	53	United States
13663	-30.0315	-51.2295	16.137825	56	Brazil
13663	-30.0315	-51.2295	16.097525	56	Brazil
13663	-30.0315	-51.2295	17.24531	56	Brazil
19592	-18.9115	47.5315	223.894015	47	Madagascar
19592	-18.9115	47.5315	223.214805	47	Madagascar
19592	-18.9115	47.5315	223.277445	47	Madagascar
850	50.3575	7.5895	14.098947	47	Germany
850	50.3575	7.5895	9.937922	47	Germany
850	50.3575	7.5895	9.956354	47	Germany
6055	-27.4705	153.0295	17.396552	59	Australia
6055	-27.4705	153.0295	17.391862	59	Australia
6055	-27.4705	153.0295	17.3648	59	Australia
6029	50.5815	3.1385	5.07396	55	France
6029	50.5815	3.1385	5.06943	55	France
6029	50.5815	3.1385	5.085298	55	France
4777	41.8705	12.4805	9.802754	60	Italy
4777	41.8705	12.4805	9.920258	60	Italy
4777	41.8705	12.4805	9.92333	60	Italy
12605	49.9895	36.2175	61.30291	50	Ukraine
12605	49.9895	36.2175	61.234085	50	Ukraine
12605	49.9895	36.2175	61.25116	50	Ukraine
