#hostname	latitude	longitude	rtt[ms]	ttl	country
#ripeID measurement:	3640059
6055	-27.4705	153.0295	17.379071	59	Australia
6055	-27.4705	153.0295	17.304609	59	Australia
6055	-27.4705	153.0295	17.481493	59	Australia
6029	50.5815	3.1385	5.120147	55	France
6029	50.5815	3.1385	5.092193	55	France
6029	50.5815	3.1385	5.087854	55	France
4777	41.8705	12.4805	10.632194	60	Italy
4777	41.8705	12.4805	10.824195	60	Italy
4777	41.8705	12.4805	10.678274	60	Italy
12605	49.9895	36.2175	61.23087	50	Ukraine
12605	49.9895	36.2175	61.101825	50	Ukraine
12605	49.9895	36.2175	61.09259	50	Ukraine
6047	52.8405	-6.9305	3.670258	59	Ireland
6047	52.8405	-6.9305	3.633234	59	Ireland
6047	52.8405	-6.9305	3.647479	59	Ireland
6132	14.6485	121.0685	67.419537	50	Philippines
6132	14.6485	121.0685	78.677661	50	Philippines
6132	14.6485	121.0685	85.32506	50	Philippines
19592	-18.9115	47.5315	223.897985	47	Madagascar
19592	-18.9115	47.5315	223.2866	47	Madagascar
19592	-18.9115	47.5315	223.27923	47	Madagascar
13663	-30.0315	-51.2295	16.140275	56	Brazil
13663	-30.0315	-51.2295	16.07101	56	Brazil
13663	-30.0315	-51.2295	18.163075	56	Brazil
850	50.3575	7.5895	11.251971	47	Germany
850	50.3575	7.5895	10.026242	47	Germany
850	50.3575	7.5895	10.078466	47	Germany
3579	29.7315	-95.3595	28.713221	53	United States
3579	29.7315	-95.3595	25.152006	53	United States
3579	29.7315	-95.3595	25.228038	53	United States
