#hostname	latitude	longitude	rtt[ms]	ttl	country
#ripeID measurement:	3640034
6055	-27.4705	153.0295	17.472554	59	Australia
6055	-27.4705	153.0295	17.393131	59	Australia
6055	-27.4705	153.0295	17.360145	59	Australia
19592	-18.9115	47.5315	223.928915	47	Madagascar
19592	-18.9115	47.5315	223.79783	47	Madagascar
19592	-18.9115	47.5315	223.654655	47	Madagascar
12605	49.9895	36.2175	61.1875	50	Ukraine
12605	49.9895	36.2175	61.127465	50	Ukraine
12605	49.9895	36.2175	61.144835	50	Ukraine
6047	52.8405	-6.9305	3.676592	59	Ireland
6047	52.8405	-6.9305	3.679543	59	Ireland
6047	52.8405	-6.9305	3.664619	59	Ireland
