#hostname	latitude	longitude	rtt[ms]	ttl	country
#ripeID measurement:	3640052
6047	52.8405	-6.9305	3.654243	59	Ireland
6047	52.8405	-6.9305	3.627983	59	Ireland
6047	52.8405	-6.9305	3.624109	59	Ireland
850	50.3575	7.5895	9.776642	47	Germany
850	50.3575	7.5895	9.971714	47	Germany
850	50.3575	7.5895	9.967874	47	Germany
6029	50.5815	3.1385	5.121948	55	France
6029	50.5815	3.1385	5.106568	55	France
6029	50.5815	3.1385	5.088869	55	France
6055	-27.4705	153.0295	17.448232	59	Australia
6055	-27.4705	153.0295	17.469228	59	Australia
6055	-27.4705	153.0295	17.414052	59	Australia
12605	49.9895	36.2175	61.30743	50	Ukraine
12605	49.9895	36.2175	61.231755	50	Ukraine
12605	49.9895	36.2175	61.24185	50	Ukraine
4777	41.8705	12.4805	10.049282	60	Italy
4777	41.8705	12.4805	9.940994	60	Italy
4777	41.8705	12.4805	9.92333	60	Italy
13663	-30.0315	-51.2295	16.167775	56	Brazil
13663	-30.0315	-51.2295	16.07433	56	Brazil
3579	29.7315	-95.3595	26.349318	53	United States
3579	29.7315	-95.3595	22.073093	53	United States
3579	29.7315	-95.3595	21.245957	53	United States
19592	-18.9115	47.5315	223.61675	47	Madagascar
19592	-18.9115	47.5315	223.28748	47	Madagascar
19592	-18.9115	47.5315	223.212365	47	Madagascar
6132	14.6485	121.0685	67.818552	50	Philippines
6132	14.6485	121.0685	72.923344	50	Philippines
6132	14.6485	121.0685	66.375038	50	Philippines
