#hostname	latitude	longitude	rtt[ms]	ttl	country
#ripeID measurement:	3640039
6047	52.8405	-6.9305	4.054766	59	Ireland
6047	52.8405	-6.9305	3.767946	59	Ireland
6047	52.8405	-6.9305	3.721646	59	Ireland
19592	-18.9115	47.5315	223.958975	46	Madagascar
19592	-18.9115	47.5315	223.73488	46	Madagascar
19592	-18.9115	47.5315	223.6657	46	Madagascar
850	50.3575	7.5895	9.834242	47	Germany
850	50.3575	7.5895	9.76205	47	Germany
850	50.3575	7.5895	9.745922	47	Germany
6029	50.5815	3.1385	5.136506	55	France
6029	50.5815	3.1385	5.07042	55	France
6029	50.5815	3.1385	5.078874	55	France
4777	41.8705	12.4805	9.940994	60	Italy
4777	41.8705	12.4805	9.85421	60	Italy
4777	41.8705	12.4805	9.94253	60	Italy
6055	-27.4705	153.0295	17.528439	59	Australia
6055	-27.4705	153.0295	17.559346	59	Australia
6055	-27.4705	153.0295	17.438352	59	Australia
3579	29.7315	-95.3595	20.154628	53	United States
3579	29.7315	-95.3595	21.421061	53	United States
3579	29.7315	-95.3595	25.337862	53	United States
12605	49.9895	36.2175	61.292135	50	Ukraine
12605	49.9895	36.2175	61.10855	50	Ukraine
12605	49.9895	36.2175	61.13199	50	Ukraine
13663	-30.0315	-51.2295	16.144065	56	Brazil
13663	-30.0315	-51.2295	16.04745	56	Brazil
13663	-30.0315	-51.2295	17.45093	56	Brazil
6132	14.6485	121.0685	67.110552	50	Philippines
6132	14.6485	121.0685	66.9717	50	Philippines
6132	14.6485	121.0685	67.091753	50	Philippines
