#hostname	latitude	longitude	rtt[ms]	ttl	country
#ripeID measurement:	3640054
6029	50.5815	3.1385	5.332352	55	France
6029	50.5815	3.1385	5.566469	55	France
6029	50.5815	3.1385	5.283751	55	France
12605	49.9895	36.2175	61.298535	50	Ukraine
12605	49.9895	36.2175	61.238115	50	Ukraine
12605	49.9895	36.2175	61.225515	50	Ukraine
850	50.3575	7.5895	9.786626	47	Germany
850	50.3575	7.5895	9.948674	47	Germany
850	50.3575	7.5895	9.863426	47	Germany
4777	41.8705	12.4805	9.805058	60	Italy
4777	41.8705	12.4805	10.101506	60	Italy
4777	41.8705	12.4805	9.924866	60	Italy
19592	-18.9115	47.5315	223.47096	47	Madagascar
19592	-18.9115	47.5315	223.33723	47	Madagascar
19592	-18.9115	47.5315	223.41541	47	Madagascar
6047	52.8405	-6.9305	3.679802	59	Ireland
6047	52.8405	-6.9305	3.635599	59	Ireland
6047	52.8405	-6.9305	3.652624	59	Ireland
6132	14.6485	121.0685	74.566673	50	Philippines
6132	14.6485	121.0685	72.426196	50	Philippines
6132	14.6485	121.0685	70.945531	50	Philippines
6055	-27.4705	153.0295	17.480799	59	Australia
6055	-27.4705	153.0295	17.453643	59	Australia
6055	-27.4705	153.0295	17.431227	59	Australia
3579	29.7315	-95.3595	21.368837	53	United States
3579	29.7315	-95.3595	24.725765	53	United States
3579	29.7315	-95.3595	23.327237	53	United States
13663	-30.0315	-51.2295	16.109865	56	Brazil
13663	-30.0315	-51.2295	17.25084	56	Brazil
