#hostname	latitude	longitude	rtt[ms]	ttl	country
#ripeID measurement:	3640070
12605	49.9895	36.2175	61.30497	50	Ukraine
12605	49.9895	36.2175	61.2225	50	Ukraine
12605	49.9895	36.2175	61.222645	50	Ukraine
4777	41.8705	12.4805	9.807362	60	Italy
4777	41.8705	12.4805	9.93869	60	Italy
4777	41.8705	12.4805	9.940226	60	Italy
6029	50.5815	3.1385	5.175579	55	France
6029	50.5815	3.1385	5.123402	55	France
6029	50.5815	3.1385	5.105408	55	France
19592	-18.9115	47.5315	222.064405	46	Madagascar
19592	-18.9115	47.5315	221.588385	46	Madagascar
19592	-18.9115	47.5315	221.75633	46	Madagascar
6132	14.6485	121.0685	93.547226	50	Philippines
6132	14.6485	121.0685	82.216523	50	Philippines
6132	14.6485	121.0685	104.997422	50	Philippines
6047	52.8405	-6.9305	3.690832	59	Ireland
6047	52.8405	-6.9305	3.789649	59	Ireland
6047	52.8405	-6.9305	3.628005	59	Ireland
850	50.3575	7.5895	9.648386	47	Germany
850	50.3575	7.5895	9.72365	47	Germany
850	50.3575	7.5895	9.732098	47	Germany
6055	-27.4705	153.0295	17.503204	59	Australia
6055	-27.4705	153.0295	17.31374	59	Australia
6055	-27.4705	153.0295	17.362635	59	Australia
13663	-30.0315	-51.2295	16.192005	56	Brazil
13663	-30.0315	-51.2295	16.088625	56	Brazil
13663	-30.0315	-51.2295	16.29315	56	Brazil
3579	29.7315	-95.3595	19.598596	53	United States
3579	29.7315	-95.3595	24.728838	53	United States
3579	29.7315	-95.3595	24.646662	53	United States
