#hostname	latitude	longitude	rtt[ms]	ttl	country
#ripeID measurement:	3640030
6047	52.8405	-6.9305	3.651368	59	Ireland
6047	52.8405	-6.9305	3.60429	59	Ireland
6047	52.8405	-6.9305	3.642194	59	Ireland
4777	41.8705	12.4805	9.788162	60	Italy
4777	41.8705	12.4805	10.007042	60	Italy
4777	41.8705	12.4805	9.974786	60	Italy
12605	49.9895	36.2175	61.241495	50	Ukraine
12605	49.9895	36.2175	61.14924	50	Ukraine
12605	49.9895	36.2175	61.124475	50	Ukraine
6055	-27.4705	153.0295	17.445652	59	Australia
6055	-27.4705	153.0295	17.429208	59	Australia
6055	-27.4705	153.0295	17.470069	59	Australia
850	50.3575	7.5895	9.555458	47	Germany
850	50.3575	7.5895	9.729026	47	Germany
850	50.3575	7.5895	9.741314	47	Germany
6132	14.6485	121.0685	67.098133	50	Philippines
6132	14.6485	121.0685	67.011783	50	Philippines
6132	14.6485	121.0685	67.077998	50	Philippines
19592	-18.9115	47.5315	224.00895	47	Madagascar
19592	-18.9115	47.5315	223.78514	47	Madagascar
19592	-18.9115	47.5315	223.589425	47	Madagascar
6029	50.5815	3.1385	5.118037	55	France
6029	50.5815	3.1385	5.133392	55	France
6029	50.5815	3.1385	5.102564	55	France
13663	-30.0315	-51.2295	16.14502	56	Brazil
13663	-30.0315	-51.2295	16.078695	56	Brazil
3579	29.7315	-95.3595	24.465413	53	United States
3579	29.7315	-95.3595	21.593092	53	United States
3579	29.7315	-95.3595	21.487876	53	United States
