#hostname	latitude	longitude	rtt[ms]	ttl	country
#ripeID measurement:	3640049
6029	50.5815	3.1385	5.122886	55	France
6029	50.5815	3.1385	5.085944	55	France
6029	50.5815	3.1385	5.080229	55	France
850	50.3575	7.5895	9.917186	47	Germany
850	50.3575	7.5895	9.954818	47	Germany
850	50.3575	7.5895	9.958658	47	Germany
3579	29.7315	-95.3595	20.388101	53	United States
3579	29.7315	-95.3595	20.698372	53	United States
3579	29.7315	-95.3595	18.536452	53	United States
13663	-30.0315	-51.2295	16.2032	56	Brazil
13663	-30.0315	-51.2295	16.118315	56	Brazil
13663	-30.0315	-51.2295	16.12283	56	Brazil
6047	52.8405	-6.9305	3.642633	59	Ireland
6047	52.8405	-6.9305	3.668482	59	Ireland
6047	52.8405	-6.9305	3.633193	59	Ireland
6055	-27.4705	153.0295	17.509283	59	Australia
6055	-27.4705	153.0295	18.192828	59	Australia
6055	-27.4705	153.0295	17.368071	59	Australia
6132	14.6485	121.0685	67.194746	50	Philippines
6132	14.6485	121.0685	66.472533	50	Philippines
6132	14.6485	121.0685	66.702278	50	Philippines
4777	41.8705	12.4805	10.575362	60	Italy
4777	41.8705	12.4805	13.837058	60	Italy
4777	41.8705	12.4805	9.99245	60	Italy
19592	-18.9115	47.5315	223.35337	47	Madagascar
19592	-18.9115	47.5315	223.32764	47	Madagascar
19592	-18.9115	47.5315	223.336345	47	Madagascar
12605	49.9895	36.2175	61.421835	50	Ukraine
12605	49.9895	36.2175	61.278	50	Ukraine
12605	49.9895	36.2175	61.227855	50	Ukraine
