#hostname	latitude	longitude	rtt[ms]	ttl	country
#ripeID measurement:	3640025
850	50.3575	7.5895	10.405634	47	Germany
850	50.3575	7.5895	10.53773	47	Germany
850	50.3575	7.5895	9.809666	47	Germany
6055	-27.4705	153.0295	17.421667	59	Australia
6055	-27.4705	153.0295	17.424672	59	Australia
6055	-27.4705	153.0295	17.389281	59	Australia
4777	41.8705	12.4805	9.958658	60	Italy
4777	41.8705	12.4805	9.955586	60	Italy
4777	41.8705	12.4805	9.95789	60	Italy
6029	50.5815	3.1385	5.126446	55	France
6029	50.5815	3.1385	5.108563	55	France
6029	50.5815	3.1385	5.086719	55	France
3579	29.7315	-95.3595	28.528134	53	United States
3579	29.7315	-95.3595	22.677508	53	United States
3579	29.7315	-95.3595	26.653445	53	United States
6132	14.6485	121.0685	67.051926	50	Philippines
6132	14.6485	121.0685	67.255676	50	Philippines
6132	14.6485	121.0685	67.201911	50	Philippines
6047	52.8405	-6.9305	3.821178	59	Ireland
6047	52.8405	-6.9305	3.710657	59	Ireland
6047	52.8405	-6.9305	3.640979	59	Ireland
12605	49.9895	36.2175	61.23156	50	Ukraine
12605	49.9895	36.2175	61.178	50	Ukraine
12605	49.9895	36.2175	61.14926	50	Ukraine
19592	-18.9115	47.5315	224.103185	47	Madagascar
19592	-18.9115	47.5315	223.78833	47	Madagascar
19592	-18.9115	47.5315	223.61167	47	Madagascar
