#hostname	latitude	longitude	rtt[ms]	ttl	country
#ripeID measurement:	3640046
6029	50.5815	3.1385	5.097364	55	France
6029	50.5815	3.1385	5.097914	55	France
6029	50.5815	3.1385	5.094453	55	France
19592	-18.9115	47.5315	224.10593	47	Madagascar
19592	-18.9115	47.5315	223.60746	47	Madagascar
19592	-18.9115	47.5315	223.53485	47	Madagascar
12605	49.9895	36.2175	61.228115	50	Ukraine
12605	49.9895	36.2175	61.15432	50	Ukraine
12605	49.9895	36.2175	61.147535	50	Ukraine
4777	41.8705	12.4805	9.91565	60	Italy
4777	41.8705	12.4805	9.968642	60	Italy
4777	41.8705	12.4805	9.926402	60	Italy
6047	52.8405	-6.9305	3.690222	59	Ireland
6047	52.8405	-6.9305	3.626544	59	Ireland
6047	52.8405	-6.9305	3.616685	59	Ireland
3579	29.7315	-95.3595	23.150596	53	United States
3579	29.7315	-95.3595	24.553733	53	United States
3579	29.7315	-95.3595	22.804229	53	United States
6132	14.6485	121.0685	67.416511	50	Philippines
6132	14.6485	121.0685	77.582936	50	Philippines
6132	14.6485	121.0685	67.858794	50	Philippines
850	50.3575	7.5895	10.10765	47	Germany
850	50.3575	7.5895	10.03469	47	Germany
850	50.3575	7.5895	10.053122	47	Germany
6055	-27.4705	153.0295	17.408791	59	Australia
6055	-27.4705	153.0295	17.35854	59	Australia
6055	-27.4705	153.0295	17.3372	59	Australia
13663	-30.0315	-51.2295	16.198605	56	Brazil
13663	-30.0315	-51.2295	16.04158	56	Brazil
13663	-30.0315	-51.2295	17.10327	56	Brazil
