#hostname	latitude	longitude	rtt[ms]	ttl	country
#ripeID measurement:	3640042
12605	49.9895	36.2175	61.538025	50	Ukraine
12605	49.9895	36.2175	61.455005	50	Ukraine
12605	49.9895	36.2175	61.42452	50	Ukraine
6029	50.5815	3.1385	5.128592	55	France
6029	50.5815	3.1385	5.104143	55	France
6029	50.5815	3.1385	5.06308	55	France
4777	41.8705	12.4805	9.807362	60	Italy
4777	41.8705	12.4805	9.951746	60	Italy
4777	41.8705	12.4805	9.95021	60	Italy
19592	-18.9115	47.5315	223.857415	46	Madagascar
19592	-18.9115	47.5315	223.652795	46	Madagascar
19592	-18.9115	47.5315	223.64081	46	Madagascar
6055	-27.4705	153.0295	17.420582	59	Australia
6055	-27.4705	153.0295	17.359705	59	Australia
6055	-27.4705	153.0295	17.352605	59	Australia
6132	14.6485	121.0685	66.869952	50	Philippines
6132	14.6485	121.0685	66.848044	50	Philippines
6132	14.6485	121.0685	66.437176	50	Philippines
6047	52.8405	-6.9305	3.693472	59	Ireland
6047	52.8405	-6.9305	3.632134	59	Ireland
6047	52.8405	-6.9305	3.614125	59	Ireland
850	50.3575	7.5895	9.768962	47	Germany
850	50.3575	7.5895	10.416386	47	Germany
850	50.3575	7.5895	10.516995	47	Germany
3579	29.7315	-95.3595	22.442501	53	United States
3579	29.7315	-95.3595	27.23175	53	United States
3579	29.7315	-95.3595	27.271686	53	United States
