#hostname	latitude	longitude	rtt[ms]	ttl	country
#ripeID measurement:	3640057
12605	49.9895	36.2175	61.395875	50	Ukraine
12605	49.9895	36.2175	61.233805	50	Ukraine
12605	49.9895	36.2175	61.222275	50	Ukraine
6132	14.6485	121.0685	67.637243	50	Philippines
6132	14.6485	121.0685	76.596384	50	Philippines
6132	14.6485	121.0685	74.940275	50	Philippines
6047	52.8405	-6.9305	3.924345	59	Ireland
6047	52.8405	-6.9305	3.682887	59	Ireland
6047	52.8405	-6.9305	3.727862	59	Ireland
6055	-27.4705	153.0295	17.413991	59	Australia
6055	-27.4705	153.0295	17.440858	59	Australia
6055	-27.4705	153.0295	17.35642	59	Australia
4777	41.8705	12.4805	9.944834	60	Italy
4777	41.8705	12.4805	10.278914	60	Italy
4777	41.8705	12.4805	9.97709	60	Italy
3579	29.7315	-95.3595	22.777348	53	United States
3579	29.7315	-95.3595	25.700357	53	United States
3579	29.7315	-95.3595	25.739525	53	United States
6029	50.5815	3.1385	5.138537	55	France
6029	50.5815	3.1385	5.078509	55	France
6029	50.5815	3.1385	5.124608	55	France
850	50.3575	7.5895	9.764354	47	Germany
850	50.3575	7.5895	9.910274	47	Germany
850	50.3575	7.5895	9.889538	47	Germany
13663	-30.0315	-51.2295	16.08941	56	Brazil
13663	-30.0315	-51.2295	16.52672	56	Brazil
13663	-30.0315	-51.2295	16.011475	56	Brazil
19592	-18.9115	47.5315	223.63221	47	Madagascar
19592	-18.9115	47.5315	223.38015	47	Madagascar
19592	-18.9115	47.5315	223.308635	47	Madagascar
