#hostname	latitude	longitude	rtt[ms]	ttl	country
#ripeID measurement:	3640043
6029	50.5815	3.1385	5.121497	55	France
6029	50.5815	3.1385	5.133757	55	France
6029	50.5815	3.1385	5.098258	55	France
6047	52.8405	-6.9305	3.649973	59	Ireland
6047	52.8405	-6.9305	3.596201	59	Ireland
6047	52.8405	-6.9305	3.642249	59	Ireland
13663	-30.0315	-51.2295	16.08201	56	Brazil
13663	-30.0315	-51.2295	16.010895	56	Brazil
13663	-30.0315	-51.2295	16.035785	56	Brazil
19592	-18.9115	47.5315	224.033915	46	Madagascar
19592	-18.9115	47.5315	223.736505	46	Madagascar
19592	-18.9115	47.5315	223.67195	46	Madagascar
4777	41.8705	12.4805	10.708994	60	Italy
4777	41.8705	12.4805	9.994754	60	Italy
4777	41.8705	12.4805	10.06541	60	Italy
3579	29.7315	-95.3595	25.492996	53	United States
3579	29.7315	-95.3595	24.417797	53	United States
3579	29.7315	-95.3595	26.135045	53	United States
12605	49.9895	36.2175	61.26228	50	Ukraine
12605	49.9895	36.2175	61.20165	50	Ukraine
12605	49.9895	36.2175	61.204245	50	Ukraine
6055	-27.4705	153.0295	17.465232	59	Australia
6055	-27.4705	153.0295	17.368061	59	Australia
6055	-27.4705	153.0295	17.361715	59	Australia
850	50.3575	7.5895	9.550082	47	Germany
850	50.3575	7.5895	9.73517	47	Germany
850	50.3575	7.5895	9.755906	47	Germany
6132	14.6485	121.0685	66.464298	50	Philippines
6132	14.6485	121.0685	66.847634	50	Philippines
6132	14.6485	121.0685	66.591126	50	Philippines
