#hostname	latitude	longitude	rtt[ms]	ttl	country
#ripeID measurement:	3640031
6029	50.5815	3.1385	5.146216	55	France
6029	50.5815	3.1385	5.124557	55	France
6029	50.5815	3.1385	5.099483	55	France
850	50.3575	7.5895	9.627649	47	Germany
850	50.3575	7.5895	9.831938	47	Germany
850	50.3575	7.5895	13.163523	47	Germany
3579	29.7315	-95.3595	26.449157	53	United States
3579	29.7315	-95.3595	24.478469	53	United States
3579	29.7315	-95.3595	19.632388	53	United States
19592	-18.9115	47.5315	223.849315	47	Madagascar
19592	-18.9115	47.5315	223.591995	47	Madagascar
19592	-18.9115	47.5315	223.652095	47	Madagascar
12605	49.9895	36.2175	61.47846	50	Ukraine
12605	49.9895	36.2175	61.16808	50	Ukraine
12605	49.9895	36.2175	61.120125	50	Ukraine
4777	41.8705	12.4805	9.805826	60	Italy
4777	41.8705	12.4805	9.964034	60	Italy
4777	41.8705	12.4805	9.937922	60	Italy
6132	14.6485	121.0685	67.031886	50	Philippines
6132	14.6485	121.0685	67.323463	50	Philippines
6132	14.6485	121.0685	67.327798	50	Philippines
13663	-30.0315	-51.2295	16.125435	56	Brazil
13663	-30.0315	-51.2295	16.01804	56	Brazil
13663	-30.0315	-51.2295	16.026585	56	Brazil
6055	-27.4705	153.0295	17.421932	59	Australia
6055	-27.4705	153.0295	17.397676	59	Australia
6055	-27.4705	153.0295	17.411222	59	Australia
6047	52.8405	-6.9305	3.673223	59	Ireland
6047	52.8405	-6.9305	3.645169	59	Ireland
6047	52.8405	-6.9305	3.638879	59	Ireland
