#hostname	latitude	longitude	rtt[ms]	ttl	country
#ripeID measurement:	3640055
13663	-30.0315	-51.2295	16.128715	56	Brazil
13663	-30.0315	-51.2295	16.70919	56	Brazil
3579	29.7315	-95.3595	23.779589	53	United States
3579	29.7315	-95.3595	24.098309	53	United States
3579	29.7315	-95.3595	27.297798	53	United States
6132	14.6485	121.0685	69.414134	50	Philippines
6132	14.6485	121.0685	76.282774	50	Philippines
6132	14.6485	121.0685	86.436307	50	Philippines
6029	50.5815	3.1385	5.15353	55	France
6029	50.5815	3.1385	5.090933	55	France
6029	50.5815	3.1385	5.121117	55	France
850	50.3575	7.5895	10.08461	47	Germany
850	50.3575	7.5895	9.937922	47	Germany
850	50.3575	7.5895	9.94637	47	Germany
6055	-27.4705	153.0295	17.51045	59	Australia
6055	-27.4705	153.0295	17.387646	59	Australia
6055	-27.4705	153.0295	17.307179	59	Australia
4777	41.8705	12.4805	9.828866	60	Italy
4777	41.8705	12.4805	9.941762	60	Italy
4777	41.8705	12.4805	9.943298	60	Italy
12605	49.9895	36.2175	61.339395	50	Ukraine
12605	49.9895	36.2175	61.22664	50	Ukraine
12605	49.9895	36.2175	61.26729	50	Ukraine
6047	52.8405	-6.9305	3.677443	59	Ireland
6047	52.8405	-6.9305	3.633565	59	Ireland
6047	52.8405	-6.9305	3.627485	59	Ireland
19592	-18.9115	47.5315	223.97601	47	Madagascar
19592	-18.9115	47.5315	223.20975	47	Madagascar
19592	-18.9115	47.5315	223.337745	47	Madagascar
