#hostname	latitude	longitude	rtt[ms]	ttl	country
#ripeID measurement:	3640063
12605	49.9895	36.2175	61.27148	50	Ukraine
12605	49.9895	36.2175	61.25175	50	Ukraine
12605	49.9895	36.2175	61.17732	50	Ukraine
6047	52.8405	-6.9305	3.677312	59	Ireland
6047	52.8405	-6.9305	3.669838	59	Ireland
6047	52.8405	-6.9305	3.60616	59	Ireland
6029	50.5815	3.1385	5.111173	55	France
6029	50.5815	3.1385	5.103479	55	France
6029	50.5815	3.1385	5.111223	55	France
850	50.3575	7.5895	10.189826	47	Germany
850	50.3575	7.5895	10.047746	47	Germany
850	50.3575	7.5895	10.070018	47	Germany
19592	-18.9115	47.5315	223.890775	47	Madagascar
19592	-18.9115	47.5315	223.28353	47	Madagascar
19592	-18.9115	47.5315	223.279425	47	Madagascar
6055	-27.4705	153.0295	17.410832	59	Australia
6055	-27.4705	153.0295	17.543976	59	Australia
6055	-27.4705	153.0295	17.485044	59	Australia
3579	29.7315	-95.3595	22.358789	53	United States
3579	29.7315	-95.3595	23.549957	53	United States
3579	29.7315	-95.3595	23.727365	53	United States
6132	14.6485	121.0685	115.571728	50	Philippines
6132	14.6485	121.0685	105.231148	50	Philippines
6132	14.6485	121.0685	78.729066	50	Philippines
4777	41.8705	12.4805	10.409474	60	Italy
4777	41.8705	12.4805	9.92333	60	Italy
4777	41.8705	12.4805	9.91565	60	Italy
13663	-30.0315	-51.2295	16.14336	56	Brazil
13663	-30.0315	-51.2295	16.121125	56	Brazil
13663	-30.0315	-51.2295	16.026395	56	Brazil
