#hostname	latitude	longitude	rtt[ms]	ttl	country
#ripeID measurement:	3640035
6132	14.6485	121.0685	67.020582	50	Philippines
6132	14.6485	121.0685	67.088113	50	Philippines
6132	14.6485	121.0685	67.113732	50	Philippines
12605	49.9895	36.2175	61.229525	50	Ukraine
12605	49.9895	36.2175	61.1024	50	Ukraine
12605	49.9895	36.2175	61.09113	50	Ukraine
6047	52.8405	-6.9305	3.669922	59	Ireland
6047	52.8405	-6.9305	3.641039	59	Ireland
6047	52.8405	-6.9305	3.636599	59	Ireland
850	50.3575	7.5895	28.888325	47	Germany
850	50.3575	7.5895	9.709826	47	Germany
850	50.3575	7.5895	9.745154	47	Germany
6055	-27.4705	153.0295	17.464609	59	Australia
6055	-27.4705	153.0295	17.410147	59	Australia
6055	-27.4705	153.0295	17.34509	59	Australia
3579	29.7315	-95.3595	23.927813	53	United States
3579	29.7315	-95.3595	24.052229	53	United States
3579	29.7315	-95.3595	24.074501	53	United States
4777	41.8705	12.4805	9.813506	60	Italy
4777	41.8705	12.4805	9.967874	60	Italy
4777	41.8705	12.4805	10.013186	60	Italy
6029	50.5815	3.1385	5.149196	55	France
6029	50.5815	3.1385	5.086043	55	France
6029	50.5815	3.1385	5.083424	55	France
19592	-18.9115	47.5315	224.302465	47	Madagascar
19592	-18.9115	47.5315	223.741255	47	Madagascar
19592	-18.9115	47.5315	223.62386	47	Madagascar
13663	-30.0315	-51.2295	16.149685	56	Brazil
13663	-30.0315	-51.2295	16.118595	56	Brazil
13663	-30.0315	-51.2295	16.075795	56	Brazil
