#hostname	latitude	longitude	rtt[ms]	ttl	country
#ripeID measurement:	3640051
12605	49.9895	36.2175	61.320545	50	Ukraine
12605	49.9895	36.2175	61.2728	50	Ukraine
12605	49.9895	36.2175	61.441795	50	Ukraine
6132	14.6485	121.0685	78.168327	50	Philippines
6132	14.6485	121.0685	66.585696	50	Philippines
6132	14.6485	121.0685	66.403558	50	Philippines
850	50.3575	7.5895	9.79661	47	Germany
850	50.3575	7.5895	9.958658	47	Germany
850	50.3575	7.5895	10.51085	47	Germany
4777	41.8705	12.4805	9.795842	60	Italy
4777	41.8705	12.4805	9.941762	60	Italy
4777	41.8705	12.4805	9.967106	60	Italy
3579	29.7315	-95.3595	24.834053	53	United States
3579	29.7315	-95.3595	27.462918	53	United States
3579	29.7315	-95.3595	24.755717	53	United States
6055	-27.4705	153.0295	17.505519	59	Australia
6055	-27.4705	153.0295	17.432407	59	Australia
6055	-27.4705	153.0295	17.406711	59	Australia
6047	52.8405	-6.9305	3.680387	59	Ireland
6047	52.8405	-6.9305	3.630869	59	Ireland
6047	52.8405	-6.9305	3.635369	59	Ireland
6029	50.5815	3.1385	5.151361	55	France
6029	50.5815	3.1385	5.140772	55	France
6029	50.5815	3.1385	5.104408	55	France
19592	-18.9115	47.5315	223.440875	47	Madagascar
19592	-18.9115	47.5315	223.154525	47	Madagascar
19592	-18.9115	47.5315	223.243315	47	Madagascar
