#hostname	latitude	longitude	rtt[ms]	ttl	country
#ripeID measurement:	3640029
850	50.3575	7.5895	9.55853	47	Germany
850	50.3575	7.5895	9.74669	47	Germany
850	50.3575	7.5895	9.79277	47	Germany
19592	-18.9115	47.5315	224.023185	47	Madagascar
19592	-18.9115	47.5315	223.607955	47	Madagascar
19592	-18.9115	47.5315	223.539085	47	Madagascar
6029	50.5815	3.1385	5.117788	55	France
6029	50.5815	3.1385	5.108378	55	France
6029	50.5815	3.1385	5.150436	55	France
6047	52.8405	-6.9305	3.683327	59	Ireland
6047	52.8405	-6.9305	3.630749	59	Ireland
6047	52.8405	-6.9305	3.642669	59	Ireland
6055	-27.4705	153.0295	17.509734	59	Australia
6055	-27.4705	153.0295	17.588672	59	Australia
6055	-27.4705	153.0295	17.351575	59	Australia
4777	41.8705	12.4805	9.84269	60	Italy
4777	41.8705	12.4805	9.967106	60	Italy
4777	41.8705	12.4805	9.981698	60	Italy
13663	-30.0315	-51.2295	16.353965	56	Brazil
13663	-30.0315	-51.2295	16.02846	56	Brazil
13663	-30.0315	-51.2295	16.182275	56	Brazil
3579	29.7315	-95.3595	21.330436	53	United States
3579	29.7315	-95.3595	23.506181	53	United States
3579	29.7315	-95.3595	21.947909	53	United States
12605	49.9895	36.2175	61.275935	50	Ukraine
12605	49.9895	36.2175	61.140995	50	Ukraine
12605	49.9895	36.2175	61.155335	50	Ukraine
6132	14.6485	121.0685	67.350317	50	Philippines
6132	14.6485	121.0685	67.049191	50	Philippines
6132	14.6485	121.0685	67.302129	50	Philippines
