#hostname	latitude	longitude	rtt[ms]	ttl	country
#ripeID measurement:	3644190
850	50.3575	7.5895	13.920002	57	Germany
850	50.3575	7.5895	13.904643	57	Germany
850	50.3575	7.5895	13.895427	57	Germany
6047	52.8405	-6.9305	20.818335	58	Ireland
6047	52.8405	-6.9305	20.939822	58	Ireland
6047	52.8405	-6.9305	20.745963	58	Ireland
3579	29.7315	-95.3595	139.477276	50	United States
3579	29.7315	-95.3595	147.151134	50	United States
3579	29.7315	-95.3595	142.74358	50	United States
6055	-27.4705	153.0295	311.937561	50	Australia
6055	-27.4705	153.0295	312.080111	50	Australia
6055	-27.4705	153.0295	311.993418	50	Australia
13663	-30.0315	-51.2295	229.698965	54	Brazil
13663	-30.0315	-51.2295	229.58761	54	Brazil
13663	-30.0315	-51.2295	229.583895	54	Brazil
19592	-18.9115	47.5315	227.632885	51	Madagascar
19592	-18.9115	47.5315	227.129445	51	Madagascar
19592	-18.9115	47.5315	227.71843	51	Madagascar
6029	50.5815	3.1385	15.137732	56	France
6029	50.5815	3.1385	15.3995	56	France
6029	50.5815	3.1385	15.254917	56	France
4777	41.8705	12.4805	42.689288	62	Italy
4777	41.8705	12.4805	41.763848	62	Italy
4777	41.8705	12.4805	41.80916	62	Italy
12605	49.9895	36.2175	43.32689	60	Ukraine
12605	49.9895	36.2175	43.039265	60	Ukraine
12605	49.9895	36.2175	43.048135	60	Ukraine
