#hostname	latitude	longitude	rtt[ms]	ttl	country
#ripeID measurement:	3644185
6029	50.5815	3.1385	15.395169	56	France
6029	50.5815	3.1385	15.328879	56	France
6029	50.5815	3.1385	15.234552	56	France
6047	52.8405	-6.9305	20.744141	58	Ireland
6047	52.8405	-6.9305	20.657255	58	Ireland
6047	52.8405	-6.9305	20.520588	58	Ireland
12605	49.9895	36.2175	40.3535	60	Ukraine
12605	49.9895	36.2175	40.262855	60	Ukraine
12605	49.9895	36.2175	40.247355	60	Ukraine
6055	-27.4705	153.0295	312.305916	50	Australia
6055	-27.4705	153.0295	312.174529	50	Australia
6055	-27.4705	153.0295	312.210099	50	Australia
13663	-30.0315	-51.2295	229.77864	54	Brazil
13663	-30.0315	-51.2295	229.58787	54	Brazil
13663	-30.0315	-51.2295	229.648995	54	Brazil
850	50.3575	7.5895	14.022147	57	Germany
850	50.3575	7.5895	13.926915	57	Germany
850	50.3575	7.5895	13.903107	57	Germany
19592	-18.9115	47.5315	227.708705	51	Madagascar
19592	-18.9115	47.5315	227.06642	51	Madagascar
19592	-18.9115	47.5315	227.32256	51	Madagascar
4777	41.8705	12.4805	42.855944	62	Italy
4777	41.8705	12.4805	41.69396	62	Italy
4777	41.8705	12.4805	41.82452	62	Italy
6132	14.6485	121.0685	312.589171	55	Philippines
6132	14.6485	121.0685	312.431726	55	Philippines
6132	14.6485	121.0685	312.26943	55	Philippines
