#hostname	latitude	longitude	rtt[ms]	ttl	country
#ripeID measurement:	3644188
4777	41.8705	12.4805	41.611784	62	Italy
4777	41.8705	12.4805	42.805256	62	Italy
4777	41.8705	12.4805	42.35828	62	Italy
6047	52.8405	-6.9305	20.499134	58	Ireland
6047	52.8405	-6.9305	20.812687	58	Ireland
6047	52.8405	-6.9305	20.551168	58	Ireland
12605	49.9895	36.2175	43.376915	60	Ukraine
12605	49.9895	36.2175	43.185715	60	Ukraine
12605	49.9895	36.2175	43.09966	60	Ukraine
19592	-18.9115	47.5315	228.498645	51	Madagascar
19592	-18.9115	47.5315	227.134095	51	Madagascar
19592	-18.9115	47.5315	227.140025	51	Madagascar
6132	14.6485	121.0685	312.382654	55	Philippines
6132	14.6485	121.0685	312.333277	55	Philippines
6132	14.6485	121.0685	312.316394	55	Philippines
6029	50.5815	3.1385	15.264066	56	France
6029	50.5815	3.1385	15.209768	56	France
6029	50.5815	3.1385	15.320779	56	France
850	50.3575	7.5895	14.689539	57	Germany
850	50.3575	7.5895	14.004483	57	Germany
850	50.3575	7.5895	13.999875	57	Germany
3579	29.7315	-95.3595	148.32003	50	United States
3579	29.7315	-95.3595	137.473564	50	United States
3579	29.7315	-95.3595	146.329373	50	United States
6055	-27.4705	153.0295	311.946673	50	Australia
6055	-27.4705	153.0295	312.013414	50	Australia
6055	-27.4705	153.0295	764.309384	50	Australia
13663	-30.0315	-51.2295	229.580795	54	Brazil
13663	-30.0315	-51.2295	229.545415	54	Brazil
13663	-30.0315	-51.2295	229.523775	54	Brazil
