#hostname	latitude	longitude	rtt[ms]	ttl	country
#ripeID measurement:	3644194
12605	49.9895	36.2175	43.17708	60	Ukraine
12605	49.9895	36.2175	43.537155	60	Ukraine
12605	49.9895	36.2175	43.14639	60	Ukraine
6029	50.5815	3.1385	15.331268	56	France
6029	50.5815	3.1385	15.351657	56	France
6029	50.5815	3.1385	15.407145	56	France
4777	41.8705	12.4805	41.922824	62	Italy
4777	41.8705	12.4805	41.743113	62	Italy
4777	41.8705	12.4805	41.624841	62	Italy
6055	-27.4705	153.0295	312.088217	50	Australia
6055	-27.4705	153.0295	311.932391	50	Australia
6055	-27.4705	153.0295	311.934636	50	Australia
850	50.3575	7.5895	14.03213	57	Germany
850	50.3575	7.5895	13.900803	57	Germany
850	50.3575	7.5895	13.895427	57	Germany
19592	-18.9115	47.5315	228.15339	51	Madagascar
19592	-18.9115	47.5315	227.243585	51	Madagascar
19592	-18.9115	47.5315	227.15063	51	Madagascar
3579	29.7315	-95.3595	144.708125	50	United States
3579	29.7315	-95.3595	157.618976	50	United States
3579	29.7315	-95.3595	175.796771	50	United States
6132	14.6485	121.0685	312.166577	55	Philippines
6132	14.6485	121.0685	312.260302	55	Philippines
6132	14.6485	121.0685	312.653886	55	Philippines
