#hostname	latitude	longitude	rtt[ms]	ttl	country
#ripeID measurement:	3644195
12605	49.9895	36.2175	43.13912	60	Ukraine
12605	49.9895	36.2175	43.087645	60	Ukraine
12605	49.9895	36.2175	42.95601	60	Ukraine
6029	50.5815	3.1385	15.27102	56	France
6029	50.5815	3.1385	15.536064	56	France
6029	50.5815	3.1385	15.65127	56	France
4777	41.8705	12.4805	42.077961	62	Italy
4777	41.8705	12.4805	41.59796	62	Italy
4777	41.8705	12.4805	41.719304	62	Italy
19592	-18.9115	47.5315	227.97146	51	Madagascar
19592	-18.9115	47.5315	227.22571	51	Madagascar
19592	-18.9115	47.5315	227.1839	51	Madagascar
3579	29.7315	-95.3595	150.909727	50	United States
3579	29.7315	-95.3595	152.942623	50	United States
3579	29.7315	-95.3595	154.076959	50	United States
6132	14.6485	121.0685	312.175936	55	Philippines
6132	14.6485	121.0685	312.691684	55	Philippines
6132	14.6485	121.0685	312.385208	55	Philippines
6047	52.8405	-6.9305	20.778591	58	Ireland
6047	52.8405	-6.9305	20.536294	58	Ireland
6047	52.8405	-6.9305	20.702639	58	Ireland
850	50.3575	7.5895	14.628868	57	Germany
850	50.3575	7.5895	14.001411	57	Germany
850	50.3575	7.5895	14.014467	57	Germany
6055	-27.4705	153.0295	311.932612	50	Australia
6055	-27.4705	153.0295	312.017938	50	Australia
6055	-27.4705	153.0295	312.015739	50	Australia
13663	-30.0315	-51.2295	229.806945	54	Brazil
13663	-30.0315	-51.2295	229.6422	54	Brazil
13663	-30.0315	-51.2295	229.610235	54	Brazil
