#hostname	latitude	longitude	rtt[ms]	ttl	country
#ripeID measurement:	3644152
6047	52.8405	-6.9305	21.228474	48	Ireland
6047	52.8405	-6.9305	21.33155	48	Ireland
6047	52.8405	-6.9305	21.243603	48	Ireland
3579	29.7315	-95.3595	146.590493	41	United States
3579	29.7315	-95.3595	143.791901	41	United States
3579	29.7315	-95.3595	142.136092	41	United States
12605	49.9895	36.2175	44.974965	50	Ukraine
12605	49.9895	36.2175	44.64667	50	Ukraine
12605	49.9895	36.2175	44.731335	50	Ukraine
4777	41.8705	12.4805	28.839173	52	Italy
4777	41.8705	12.4805	28.677127	52	Italy
4777	41.8705	12.4805	28.885255	52	Italy
850	50.3575	7.5895	16.916739	48	Germany
850	50.3575	7.5895	12.663555	48	Germany
850	50.3575	7.5895	13.344003	48	Germany
19592	-18.9115	47.5315	244.57117	39	Madagascar
19592	-18.9115	47.5315	244.614915	39	Madagascar
19592	-18.9115	47.5315	244.005765	39	Madagascar
13663	-30.0315	-51.2295	236.99917	46	Brazil
13663	-30.0315	-51.2295	236.96952	46	Brazil
6055	-27.4705	153.0295	298.342	46	Australia
6055	-27.4705	153.0295	298.254079	46	Australia
6055	-27.4705	153.0295	298.165932	46	Australia
6132	14.6485	121.0685	368.159101	43	Philippines
6132	14.6485	121.0685	395.649324	43	Philippines
6029	50.5815	3.1385	16.845042	47	France
6029	50.5815	3.1385	16.794605	47	France
6029	50.5815	3.1385	16.778431	47	France
