#hostname	latitude	longitude	rtt[ms]	ttl	country
#ripeID measurement:	3644184
6132	14.6485	121.0685	96.225664	50	Philippines
6132	14.6485	121.0685	89.357692	50	Philippines
6132	14.6485	121.0685	122.493425	50	Philippines
6055	-27.4705	153.0295	17.396482	59	Australia
6055	-27.4705	153.0295	17.329089	59	Australia
6055	-27.4705	153.0295	17.409127	59	Australia
6047	52.8405	-6.9305	3.678668	59	Ireland
6047	52.8405	-6.9305	3.641054	59	Ireland
6047	52.8405	-6.9305	3.598555	59	Ireland
3579	29.7315	-95.3595	20.500228	53	United States
3579	29.7315	-95.3595	22.354948	53	United States
3579	29.7315	-95.3595	26.836997	53	United States
6029	50.5815	3.1385	5.111117	55	France
6029	50.5815	3.1385	5.127763	55	France
6029	50.5815	3.1385	5.121497	55	France
19592	-18.9115	47.5315	215.319255	47	Madagascar
19592	-18.9115	47.5315	214.67661	47	Madagascar
19592	-18.9115	47.5315	214.766755	47	Madagascar
850	50.3575	7.5895	10.179074	47	Germany
850	50.3575	7.5895	10.116098	47	Germany
850	50.3575	7.5895	10.289666	47	Germany
4777	41.8705	12.4805	10.00781	60	Italy
4777	41.8705	12.4805	10.318082	60	Italy
4777	41.8705	12.4805	10.343426	60	Italy
12605	49.9895	36.2175	55.499625	50	Ukraine
12605	49.9895	36.2175	55.38807	50	Ukraine
12605	49.9895	36.2175	55.409065	50	Ukraine
13663	-30.0315	-51.2295	16.615375	56	Brazil
13663	-30.0315	-51.2295	16.497055	56	Brazil
13663	-30.0315	-51.2295	16.521905	56	Brazil
