#hostname	latitude	longitude	rtt[ms]	ttl	country
#ripeID measurement:	3644134
6029	50.5815	3.1385	31.529478	51	France
6029	50.5815	3.1385	31.533409	51	France
6029	50.5815	3.1385	31.550198	51	France
4777	41.8705	12.4805	33.789703	62	Italy
4777	41.8705	12.4805	33.755143	62	Italy
4777	41.8705	12.4805	33.271303	62	Italy
13663	-30.0315	-51.2295	239.566015	51	Brazil
13663	-30.0315	-51.2295	240.2651	51	Brazil
13663	-30.0315	-51.2295	240.552425	51	Brazil
6132	14.6485	121.0685	305.288714	55	Philippines
6132	14.6485	121.0685	305.402306	55	Philippines
6132	14.6485	121.0685	305.40935	55	Philippines
12605	49.9895	36.2175	43.29641	60	Ukraine
12605	49.9895	36.2175	43.13501	60	Ukraine
12605	49.9895	36.2175	43.147675	60	Ukraine
6047	52.8405	-6.9305	20.510077	58	Ireland
6047	52.8405	-6.9305	20.434981	58	Ireland
6047	52.8405	-6.9305	20.436071	58	Ireland
3579	29.7315	-95.3595	132.865562	52	United States
3579	29.7315	-95.3595	134.208796	52	United States
3579	29.7315	-95.3595	139.247645	52	United States
19592	-18.9115	47.5315	228.736525	51	Madagascar
19592	-18.9115	47.5315	230.470615	51	Madagascar
19592	-18.9115	47.5315	227.78717	51	Madagascar
850	50.3575	7.5895	10.546946	58	Germany
850	50.3575	7.5895	9.729026	58	Germany
850	50.3575	7.5895	9.285122	58	Germany
6055	-27.4705	153.0295	309.931847	51	Australia
6055	-27.4705	153.0295	309.976405	51	Australia
6055	-27.4705	153.0295	309.916189	51	Australia
