#hostname	latitude	longitude	rtt[ms]	ttl	country
#ripeID measurement:	3644186
6029	50.5815	3.1385	15.224303	56	France
6029	50.5815	3.1385	15.380856	56	France
6029	50.5815	3.1385	15.39451	56	France
12605	49.9895	36.2175	43.366695	60	Ukraine
12605	49.9895	36.2175	43.15574	60	Ukraine
12605	49.9895	36.2175	43.07798	60	Ukraine
6047	52.8405	-6.9305	20.609645	58	Ireland
6047	52.8405	-6.9305	20.641091	58	Ireland
6047	52.8405	-6.9305	20.574727	58	Ireland
6132	14.6485	121.0685	312.269345	55	Philippines
6132	14.6485	121.0685	312.309654	55	Philippines
6132	14.6485	121.0685	312.175202	55	Philippines
3579	29.7315	-95.3595	138.422044	50	United States
3579	29.7315	-95.3595	144.358685	50	United States
3579	29.7315	-95.3595	144.254237	50	United States
19592	-18.9115	47.5315	227.40754	51	Madagascar
19592	-18.9115	47.5315	227.250625	51	Madagascar
19592	-18.9115	47.5315	227.23989	51	Madagascar
850	50.3575	7.5895	13.916162	57	Germany
850	50.3575	7.5895	13.920771	57	Germany
850	50.3575	7.5895	13.915395	57	Germany
6055	-27.4705	153.0295	312.020569	50	Australia
6055	-27.4705	153.0295	311.986703	50	Australia
6055	-27.4705	153.0295	311.894285	50	Australia
13663	-30.0315	-51.2295	229.5845	54	Brazil
13663	-30.0315	-51.2295	229.50218	54	Brazil
13663	-30.0315	-51.2295	229.57087	54	Brazil
