#hostname	latitude	longitude	rtt[ms]	ttl	country
#ripeID measurement:	3644150
4777	41.8705	12.4805	28.918278	52	Italy
4777	41.8705	12.4805	28.869126	52	Italy
4777	41.8705	12.4805	28.86375	52	Italy
3579	29.7315	-95.3595	139.528732	41	United States
3579	29.7315	-95.3595	141.212957	41	United States
3579	29.7315	-95.3595	141.135389	41	United States
19592	-18.9115	47.5315	244.704285	39	Madagascar
19592	-18.9115	47.5315	243.905625	39	Madagascar
19592	-18.9115	47.5315	244.109695	39	Madagascar
6132	14.6485	121.0685	378.199943	43	Philippines
6132	14.6485	121.0685	374.803906	43	Philippines
6132	14.6485	121.0685	366.099955	43	Philippines
13663	-30.0315	-51.2295	237.37584	46	Brazil
13663	-30.0315	-51.2295	237.29905	46	Brazil
13663	-30.0315	-51.2295	237.302985	46	Brazil
6029	50.5815	3.1385	16.841677	47	France
6029	50.5815	3.1385	16.834059	47	France
6029	50.5815	3.1385	16.762471	47	France
850	50.3575	7.5895	13.505283	48	Germany
850	50.3575	7.5895	12.752643	48	Germany
850	50.3575	7.5895	12.751875	48	Germany
6055	-27.4705	153.0295	298.322135	46	Australia
6055	-27.4705	153.0295	298.173093	46	Australia
6055	-27.4705	153.0295	298.122545	46	Australia
6047	52.8405	-6.9305	21.257427	48	Ireland
6047	52.8405	-6.9305	21.321021	48	Ireland
6047	52.8405	-6.9305	21.178439	48	Ireland
12605	49.9895	36.2175	44.813595	50	Ukraine
12605	49.9895	36.2175	44.66201	50	Ukraine
12605	49.9895	36.2175	44.674045	50	Ukraine
