#hostname	latitude	longitude	rtt[ms]	ttl	country
#ripeID measurement:	3644139
6055	-27.4705	153.0295	17.531875	59	Australia
6055	-27.4705	153.0295	17.463973	59	Australia
6055	-27.4705	153.0295	17.52961	59	Australia
12605	49.9895	36.2175	55.489235	50	Ukraine
12605	49.9895	36.2175	55.390885	50	Ukraine
12605	49.9895	36.2175	55.37625	50	Ukraine
6132	14.6485	121.0685	87.584103	50	Philippines
6132	14.6485	121.0685	71.325662	50	Philippines
6132	14.6485	121.0685	108.883783	50	Philippines
850	50.3575	7.5895	9.72365	47	Germany
850	50.3575	7.5895	9.817346	47	Germany
850	50.3575	7.5895	9.810434	47	Germany
6047	52.8405	-6.9305	3.690182	59	Ireland
6047	52.8405	-6.9305	3.652424	59	Ireland
6047	52.8405	-6.9305	3.614075	59	Ireland
4777	41.8705	12.4805	13.807107	60	Italy
4777	41.8705	12.4805	19.419652	60	Italy
4777	41.8705	12.4805	10.058498	60	Italy
6029	50.5815	3.1385	5.138335	55	France
6029	50.5815	3.1385	5.075059	55	France
6029	50.5815	3.1385	5.097553	55	France
3579	29.7315	-95.3595	22.583045	53	United States
3579	29.7315	-95.3595	24.930053	53	United States
3579	29.7315	-95.3595	24.994565	53	United States
13663	-30.0315	-51.2295	16.561765	56	Brazil
13663	-30.0315	-51.2295	16.506875	56	Brazil
13663	-30.0315	-51.2295	16.434065	56	Brazil
19592	-18.9115	47.5315	215.70001	47	Madagascar
19592	-18.9115	47.5315	215.15205	47	Madagascar
19592	-18.9115	47.5315	215.20602	47	Madagascar
