#hostname	latitude	longitude	rtt[ms]	ttl	country
#ripeID measurement:	3644197
12605	49.9895	36.2175	43.1064	60	Ukraine
12605	49.9895	36.2175	43.223525	60	Ukraine
12605	49.9895	36.2175	43.22502	60	Ukraine
4777	41.8705	12.4805	41.746184	62	Italy
4777	41.8705	12.4805	41.687816	62	Italy
4777	41.8705	12.4805	41.880584	62	Italy
6029	50.5815	3.1385	15.130326	56	France
6029	50.5815	3.1385	15.471302	56	France
6029	50.5815	3.1385	15.348062	56	France
6047	52.8405	-6.9305	20.714452	58	Ireland
6047	52.8405	-6.9305	20.651166	58	Ireland
6047	52.8405	-6.9305	20.562367	58	Ireland
19592	-18.9115	47.5315	504.76632	51	Madagascar
19592	-18.9115	47.5315	227.11243	51	Madagascar
19592	-18.9115	47.5315	227.19569	51	Madagascar
