#hostname	latitude	longitude	rtt[ms]	ttl	country
#ripeID measurement:	3644199
12605	49.9895	36.2175	43.385175	60	Ukraine
12605	49.9895	36.2175	43.088545	60	Ukraine
12605	49.9895	36.2175	43.261605	60	Ukraine
4777	41.8705	12.4805	41.622536	62	Italy
4777	41.8705	12.4805	41.86676	62	Italy
4777	41.8705	12.4805	41.65172	62	Italy
6047	52.8405	-6.9305	20.625166	58	Ireland
6047	52.8405	-6.9305	20.709284	58	Ireland
6047	52.8405	-6.9305	20.630655	58	Ireland
6132	14.6485	121.0685	312.646781	55	Philippines
6132	14.6485	121.0685	312.543989	55	Philippines
6132	14.6485	121.0685	312.716732	55	Philippines
6029	50.5815	3.1385	15.332397	56	France
6029	50.5815	3.1385	15.499401	56	France
6029	50.5815	3.1385	15.19466	56	France
19592	-18.9115	47.5315	227.746415	51	Madagascar
19592	-18.9115	47.5315	227.121575	51	Madagascar
19592	-18.9115	47.5315	227.213835	51	Madagascar
3579	29.7315	-95.3595	160.455968	50	United States
3579	29.7315	-95.3595	144.575261	50	United States
3579	29.7315	-95.3595	148.505118	50	United States
6055	-27.4705	153.0295	312.291341	50	Australia
6055	-27.4705	153.0295	312.014578	50	Australia
6055	-27.4705	153.0295	312.170778	50	Australia
850	50.3575	7.5895	14.027523	57	Germany
850	50.3575	7.5895	13.924611	57	Germany
850	50.3575	7.5895	13.907715	57	Germany
13663	-30.0315	-51.2295	229.621945	54	Brazil
13663	-30.0315	-51.2295	229.634865	54	Brazil
13663	-30.0315	-51.2295	229.613035	54	Brazil
