#hostname	latitude	longitude	rtt[ms]	ttl	country
#ripeID measurement:	3644198
850	50.3575	7.5895	13.889282	57	Germany
850	50.3575	7.5895	13.951491	57	Germany
850	50.3575	7.5895	13.920771	57	Germany
4777	41.8705	12.4805	42.383624	62	Italy
4777	41.8705	12.4805	42.385161	62	Italy
4777	41.8705	12.4805	42.540297	62	Italy
6055	-27.4705	153.0295	312.006468	50	Australia
6055	-27.4705	153.0295	311.968652	50	Australia
6055	-27.4705	153.0295	312.033564	50	Australia
3579	29.7315	-95.3595	145.441565	50	United States
3579	29.7315	-95.3595	151.669279	50	United States
3579	29.7315	-95.3595	148.383775	50	United States
12605	49.9895	36.2175	43.063535	60	Ukraine
12605	49.9895	36.2175	43.01358	60	Ukraine
12605	49.9895	36.2175	43.2254	60	Ukraine
19592	-18.9115	47.5315	227.345	51	Madagascar
19592	-18.9115	47.5315	227.166875	51	Madagascar
19592	-18.9115	47.5315	227.210945	51	Madagascar
6047	52.8405	-6.9305	20.589646	58	Ireland
6047	52.8405	-6.9305	20.601286	58	Ireland
6047	52.8405	-6.9305	20.626091	58	Ireland
6132	14.6485	121.0685	312.551542	55	Philippines
6132	14.6485	121.0685	312.181311	55	Philippines
6132	14.6485	121.0685	312.207204	55	Philippines
6029	50.5815	3.1385	15.221943	56	France
6029	50.5815	3.1385	15.196534	56	France
6029	50.5815	3.1385	15.179975	56	France
13663	-30.0315	-51.2295	229.575205	54	Brazil
13663	-30.0315	-51.2295	229.66115	54	Brazil
13663	-30.0315	-51.2295	229.724495	54	Brazil
