#hostname	latitude	longitude	rtt[ms]	ttl	country
#ripeID measurement:	3671988
3579	29.7315	-95.3595	22.663685	53	United States
3579	29.7315	-95.3595	22.886404	53	United States
3579	29.7315	-95.3595	19.95802	53	United States
13663	-30.0315	-51.2295	67.34873	49	Brazil
13663	-30.0315	-51.2295	67.273605	49	Brazil
13663	-30.0315	-51.2295	67.251975	49	Brazil
19592	-18.9115	47.5315	221.67548	42	Madagascar
19592	-18.9115	47.5315	219.899515	42	Madagascar
19592	-18.9115	47.5315	219.76976	42	Madagascar
6047	52.8405	-6.9305	19.055724	48	Ireland
6047	52.8405	-6.9305	19.060479	48	Ireland
6047	52.8405	-6.9305	19.024074	48	Ireland
6029	50.5815	3.1385	9.656894	49	France
6029	50.5815	3.1385	9.612822	49	France
6029	50.5815	3.1385	9.640426	49	France
12605	49.9895	36.2175	55.644825	48	Ukraine
12605	49.9895	36.2175	55.58161	48	Ukraine
12605	49.9895	36.2175	55.573835	48	Ukraine
6055	-27.4705	153.0295	17.439808	59	Australia
6055	-27.4705	153.0295	17.352495	59	Australia
6055	-27.4705	153.0295	17.461123	59	Australia
4777	41.8705	12.4805	27.793157	50	Italy
4777	41.8705	12.4805	27.508998	50	Italy
4777	41.8705	12.4805	27.777798	50	Italy
850	50.3575	7.5895	9.676802	47	Germany
850	50.3575	7.5895	9.699842	47	Germany
850	50.3575	7.5895	9.728258	47	Germany
6132	14.6485	121.0685	66.989061	48	Philippines
6132	14.6485	121.0685	66.612076	48	Philippines
6132	14.6485	121.0685	66.679621	48	Philippines
