#hostname	latitude	longitude	rtt[ms]	ttl	country
#ripeID measurement:	3671989
6047	52.8405	-6.9305	19.048944	48	Ireland
6047	52.8405	-6.9305	18.998116	48	Ireland
6047	52.8405	-6.9305	18.983981	48	Ireland
4777	41.8705	12.4805	28.359173	50	Italy
4777	41.8705	12.4805	28.371462	50	Italy
4777	41.8705	12.4805	27.516678	50	Italy
13663	-30.0315	-51.2295	67.307095	49	Brazil
13663	-30.0315	-51.2295	67.18983	49	Brazil
13663	-30.0315	-51.2295	67.23341	49	Brazil
3579	29.7315	-95.3595	22.585348	53	United States
3579	29.7315	-95.3595	17.744644	53	United States
3579	29.7315	-95.3595	22.772741	53	United States
6029	50.5815	3.1385	9.687698	49	France
6029	50.5815	3.1385	9.639081	49	France
6029	50.5815	3.1385	9.614598	49	France
12605	49.9895	36.2175	55.43701	48	Ukraine
12605	49.9895	36.2175	55.413865	48	Ukraine
12605	49.9895	36.2175	55.398245	48	Ukraine
19592	-18.9115	47.5315	220.21175	42	Madagascar
19592	-18.9115	47.5315	219.889005	42	Madagascar
19592	-18.9115	47.5315	219.81121	42	Madagascar
6132	14.6485	121.0685	67.723931	48	Philippines
6132	14.6485	121.0685	68.875944	48	Philippines
6132	14.6485	121.0685	68.050833	48	Philippines
850	50.3575	7.5895	9.686786	47	Germany
850	50.3575	7.5895	9.719042	47	Germany
850	50.3575	7.5895	9.736706	47	Germany
6055	-27.4705	153.0295	17.409401	59	Australia
6055	-27.4705	153.0295	17.302124	59	Australia
6055	-27.4705	153.0295	17.386482	59	Australia
