#hostname	latitude	longitude	rtt[ms]	ttl	country
#ripeID measurement:	3671984
6047	52.8405	-6.9305	20.783911	58	Ireland
6047	52.8405	-6.9305	20.653505	58	Ireland
6047	52.8405	-6.9305	20.573582	58	Ireland
6029	50.5815	3.1385	15.40856	56	France
6029	50.5815	3.1385	15.218728	56	France
6029	50.5815	3.1385	15.375987	56	France
3579	29.7315	-95.3595	138.913563	50	United States
3579	29.7315	-95.3595	159.90224	50	United States
3579	29.7315	-95.3595	135.906076	50	United States
850	50.3575	7.5895	12.039938	57	Germany
850	50.3575	7.5895	11.916291	57	Germany
850	50.3575	7.5895	11.944707	57	Germany
6055	-27.4705	153.0295	306.858367	43	Australia
6055	-27.4705	153.0295	306.76352	43	Australia
6055	-27.4705	153.0295	306.414174	43	Australia
19592	-18.9115	47.5315	223.659555	51	Madagascar
19592	-18.9115	47.5315	223.120495	51	Madagascar
19592	-18.9115	47.5315	223.074975	51	Madagascar
13663	-30.0315	-51.2295	228.950685	54	Brazil
13663	-30.0315	-51.2295	228.860705	54	Brazil
13663	-30.0315	-51.2295	228.72385	54	Brazil
4777	41.8705	12.4805	43.951113	62	Italy
4777	41.8705	12.4805	42.824457	62	Italy
4777	41.8705	12.4805	41.803785	62	Italy
12605	49.9895	36.2175	43.11766	60	Ukraine
12605	49.9895	36.2175	43.112355	60	Ukraine
12605	49.9895	36.2175	43.00778	60	Ukraine
6132	14.6485	121.0685	344.93196	53	Philippines
6132	14.6485	121.0685	345.205628	53	Philippines
6132	14.6485	121.0685	327.250563	53	Philippines
