#hostname	latitude	longitude	rtt[ms]	ttl	country
#ripeID measurement:	3671986
12605	49.9895	36.2175	199.471615	83	Ukraine
12605	49.9895	36.2175	199.383035	83	Ukraine
12605	49.9895	36.2175	199.64179	83	Ukraine
6029	50.5815	3.1385	149.311394	86	France
6029	50.5815	3.1385	149.43825	86	France
6029	50.5815	3.1385	149.23301	86	France
6047	52.8405	-6.9305	157.234761	81	Ireland
6047	52.8405	-6.9305	152.801051	81	Ireland
6047	52.8405	-6.9305	153.00402	81	Ireland
19592	-18.9115	47.5315	362.416505	74	Madagascar
19592	-18.9115	47.5315	361.57184	74	Madagascar
19592	-18.9115	47.5315	361.7796	74	Madagascar
3579	29.7315	-95.3595	62.684172	83	United States
3579	29.7315	-95.3595	69.749774	83	United States
3579	29.7315	-95.3595	63.678733	83	United States
13663	-30.0315	-51.2295	199.58149	88	Brazil
13663	-30.0315	-51.2295	199.42669	88	Brazil
13663	-30.0315	-51.2295	199.150875	88	Brazil
6055	-27.4705	153.0295	186.010348	81	Australia
6055	-27.4705	153.0295	186.134518	81	Australia
6055	-27.4705	153.0295	185.907583	81	Australia
4777	41.8705	12.4805	171.738657	88	Italy
4777	41.8705	12.4805	171.810083	88	Italy
4777	41.8705	12.4805	171.911459	88	Italy
850	50.3575	7.5895	155.708959	87	Germany
850	50.3575	7.5895	155.684384	87	Germany
850	50.3575	7.5895	155.581472	87	Germany
6132	14.6485	121.0685	135.684282	85	Philippines
6132	14.6485	121.0685	135.965894	85	Philippines
6132	14.6485	121.0685	146.505444	85	Philippines
