#hostname	latitude	longitude	rtt[ms]	ttl	country
#ripeID measurement:	3671990
6029	50.5815	3.1385	9.654669	49	France
6029	50.5815	3.1385	9.635172	49	France
6029	50.5815	3.1385	9.627501	49	France
12605	49.9895	36.2175	55.52496	48	Ukraine
12605	49.9895	36.2175	55.431615	48	Ukraine
12605	49.9895	36.2175	55.482195	48	Ukraine
4777	41.8705	12.4805	27.717126	50	Italy
4777	41.8705	12.4805	27.624966	50	Italy
4777	41.8705	12.4805	27.705606	50	Italy
13663	-30.0315	-51.2295	67.35594	49	Brazil
13663	-30.0315	-51.2295	67.25933	49	Brazil
13663	-30.0315	-51.2295	67.246825	49	Brazil
6055	-27.4705	153.0295	18.002117	59	Australia
6055	-27.4705	153.0295	17.435682	59	Australia
6055	-27.4705	153.0295	17.494994	59	Australia
19592	-18.9115	47.5315	227.50196	42	Madagascar
19592	-18.9115	47.5315	219.8854	42	Madagascar
19592	-18.9115	47.5315	220.09301	42	Madagascar
6132	14.6485	121.0685	66.773725	48	Philippines
6132	14.6485	121.0685	68.805677	48	Philippines
6132	14.6485	121.0685	66.70274	48	Philippines
850	50.3575	7.5895	9.93485	47	Germany
850	50.3575	7.5895	9.940994	47	Germany
850	50.3575	7.5895	9.743618	47	Germany
6047	52.8405	-6.9305	19.054248	48	Ireland
6047	52.8405	-6.9305	18.988175	48	Ireland
6047	52.8405	-6.9305	19.035109	48	Ireland
3579	29.7315	-95.3595	17.903619	53	United States
3579	29.7315	-95.3595	23.404804	53	United States
3579	29.7315	-95.3595	22.791941	53	United States
