#hostname	latitude	longitude	rtt[ms]	ttl	country
#ripeID measurement:	3671992
6029	50.5815	3.1385	5.143526	55	France
6029	50.5815	3.1385	5.114387	55	France
6029	50.5815	3.1385	5.096489	55	France
4777	41.8705	12.4805	10.052354	60	Italy
4777	41.8705	12.4805	10.056194	60	Italy
4777	41.8705	12.4805	10.050819	60	Italy
12605	49.9895	36.2175	55.46305	48	Ukraine
12605	49.9895	36.2175	55.361475	48	Ukraine
12605	49.9895	36.2175	55.386635	48	Ukraine
13663	-30.0315	-51.2295	15.73101	56	Brazil
13663	-30.0315	-51.2295	15.625755	56	Brazil
13663	-30.0315	-51.2295	15.623525	56	Brazil
6047	52.8405	-6.9305	3.688802	59	Ireland
6047	52.8405	-6.9305	3.638614	59	Ireland
6047	52.8405	-6.9305	3.640174	59	Ireland
6055	-27.4705	153.0295	17.406526	59	Australia
6055	-27.4705	153.0295	17.463833	59	Australia
6055	-27.4705	153.0295	17.302247	59	Australia
6132	14.6485	121.0685	66.382944	48	Philippines
6132	14.6485	121.0685	66.458385	48	Philippines
6132	14.6485	121.0685	66.378968	48	Philippines
850	50.3575	7.5895	10.329602	47	Germany
850	50.3575	7.5895	9.838082	47	Germany
850	50.3575	7.5895	9.791234	47	Germany
3579	29.7315	-95.3595	17.590275	53	United States
3579	29.7315	-95.3595	28.188678	53	United States
3579	29.7315	-95.3595	23.090693	53	United States
19592	-18.9115	47.5315	220.229155	46	Madagascar
19592	-18.9115	47.5315	219.847165	46	Madagascar
19592	-18.9115	47.5315	219.781835	46	Madagascar
