#hostname	latitude	longitude	rtt[ms]	ttl	country
#ripeID measurement:	3671983
6047	52.8405	-6.9305	19.058043	48	Ireland
6047	52.8405	-6.9305	19.051779	48	Ireland
6047	52.8405	-6.9305	19.005895	48	Ireland
6029	50.5815	3.1385	9.680895	49	France
6029	50.5815	3.1385	9.618983	49	France
6029	50.5815	3.1385	9.577224	49	France
6132	14.6485	121.0685	66.855505	48	Philippines
6132	14.6485	121.0685	66.574576	48	Philippines
6132	14.6485	121.0685	67.849877	48	Philippines
12605	49.9895	36.2175	55.63818	48	Ukraine
12605	49.9895	36.2175	55.56391	48	Ukraine
12605	49.9895	36.2175	55.604965	48	Ukraine
19592	-18.9115	47.5315	220.52867	42	Madagascar
19592	-18.9115	47.5315	219.994685	42	Madagascar
19592	-18.9115	47.5315	219.848695	42	Madagascar
6055	-27.4705	153.0295	17.51474	59	Australia
6055	-27.4705	153.0295	17.390706	59	Australia
6055	-27.4705	153.0295	17.389881	59	Australia
850	50.3575	7.5895	9.814274	47	Germany
850	50.3575	7.5895	9.805826	47	Germany
850	50.3575	7.5895	9.717506	47	Germany
13663	-30.0315	-51.2295	67.392325	49	Brazil
13663	-30.0315	-51.2295	67.277275	49	Brazil
13663	-30.0315	-51.2295	67.24828	49	Brazil
4777	41.8705	12.4805	27.759365	50	Italy
4777	41.8705	12.4805	27.560454	50	Italy
4777	41.8705	12.4805	27.585798	50	Italy
3579	29.7315	-95.3595	38.471431	53	United States
3579	29.7315	-95.3595	19.805956	53	United States
3579	29.7315	-95.3595	19.875076	53	United States
