#hostname	latitude	longitude	rtt[ms]	ttl	country
#ripeID measurement:	3671991
19592	-18.9115	47.5315	219.24384	47	Madagascar
19592	-18.9115	47.5315	218.409825	47	Madagascar
19592	-18.9115	47.5315	218.805015	47	Madagascar
6029	50.5815	3.1385	4.913716	55	France
6029	50.5815	3.1385	4.895248	55	France
6029	50.5815	3.1385	4.841226	55	France
850	50.3575	7.5895	9.606914	47	Germany
850	50.3575	7.5895	9.759746	47	Germany
850	50.3575	7.5895	9.721346	47	Germany
6047	52.8405	-6.9305	19.04052	48	Ireland
6047	52.8405	-6.9305	19.03277	48	Ireland
6047	52.8405	-6.9305	19.024334	48	Ireland
3579	29.7315	-95.3595	24.640516	53	United States
3579	29.7315	-95.3595	23.549189	53	United States
3579	29.7315	-95.3595	20.282884	53	United States
13663	-30.0315	-51.2295	16.48074	56	Brazil
13663	-30.0315	-51.2295	16.42126	56	Brazil
13663	-30.0315	-51.2295	16.49945	56	Brazil
12605	49.9895	36.2175	55.40902	48	Ukraine
12605	49.9895	36.2175	55.371585	48	Ukraine
12605	49.9895	36.2175	55.366135	48	Ukraine
4777	41.8705	12.4805	27.517445	50	Italy
4777	41.8705	12.4805	27.582726	50	Italy
4777	41.8705	12.4805	27.48519	50	Italy
6132	14.6485	121.0685	66.847385	48	Philippines
6132	14.6485	121.0685	66.55062	48	Philippines
6132	14.6485	121.0685	67.72448	48	Philippines
6055	-27.4705	153.0295	18.399077	59	Australia
6055	-27.4705	153.0295	17.880459	59	Australia
6055	-27.4705	153.0295	18.333746	59	Australia
