#hostname	latitude	longitude	rtt[ms]	ttl	country
#ripeID measurement:	3672345
12605	49.9895	36.2175	55.608035	48	Ukraine
12605	49.9895	36.2175	55.558205	48	Ukraine
12605	49.9895	36.2175	55.565445	48	Ukraine
19592	-18.9115	47.5315	219.215195	47	Madagascar
19592	-18.9115	47.5315	218.68757	47	Madagascar
19592	-18.9115	47.5315	218.97427	47	Madagascar
850	50.3575	7.5895	9.860354	47	Germany
850	50.3575	7.5895	9.968642	47	Germany
850	50.3575	7.5895	10.035458	47	Germany
6055	-27.4705	153.0295	17.364955	59	Australia
6055	-27.4705	153.0295	17.361535	59	Australia
6055	-27.4705	153.0295	17.37423	59	Australia
13663	-30.0315	-51.2295	16.551195	56	Brazil
13663	-30.0315	-51.2295	16.48189	56	Brazil
13663	-30.0315	-51.2295	16.42658	56	Brazil
3579	29.7315	-95.3595	24.407812	53	United States
3579	29.7315	-95.3595	25.717254	53	United States
3579	29.7315	-95.3595	24.815622	53	United States
4777	41.8705	12.4805	11.841795	60	Italy
4777	41.8705	12.4805	10.657538	60	Italy
4777	41.8705	12.4805	9.907202	60	Italy
6029	50.5815	3.1385	5.113258	55	France
6029	50.5815	3.1385	5.147096	55	France
6029	50.5815	3.1385	5.120348	55	France
6132	14.6485	121.0685	69.421215	48	Philippines
6132	14.6485	121.0685	67.436634	48	Philippines
6132	14.6485	121.0685	67.522715	48	Philippines
6047	52.8405	-6.9305	3.699458	59	Ireland
6047	52.8405	-6.9305	3.642044	59	Ireland
6047	52.8405	-6.9305	3.640589	59	Ireland
