#hostname	latitude	longitude	rtt[ms]	ttl	country
#ripeID measurement:	3672258
12605	49.9895	36.2175	55.42384	48	Ukraine
12605	49.9895	36.2175	55.429225	48	Ukraine
12605	49.9895	36.2175	55.43421	48	Ukraine
6055	-27.4705	153.0295	17.837922	59	Australia
6055	-27.4705	153.0295	17.396796	59	Australia
6055	-27.4705	153.0295	17.568206	59	Australia
6047	52.8405	-6.9305	3.682392	59	Ireland
6047	52.8405	-6.9305	3.657904	59	Ireland
6047	52.8405	-6.9305	3.642454	59	Ireland
3579	29.7315	-95.3595	24.355589	53	United States
3579	29.7315	-95.3595	20.406532	53	United States
3579	29.7315	-95.3595	20.279812	53	United States
19592	-18.9115	47.5315	219.149525	47	Madagascar
19592	-18.9115	47.5315	218.735215	47	Madagascar
19592	-18.9115	47.5315	218.51456	47	Madagascar
6029	50.5815	3.1385	5.172211	55	France
6029	50.5815	3.1385	5.076044	55	France
6029	50.5815	3.1385	5.115568	55	France
4777	41.8705	12.4805	9.958658	60	Italy
4777	41.8705	12.4805	9.964802	60	Italy
4777	41.8705	12.4805	9.954818	60	Italy
13663	-30.0315	-51.2295	16.50622	56	Brazil
13663	-30.0315	-51.2295	16.412265	56	Brazil
13663	-30.0315	-51.2295	16.44466	56	Brazil
850	50.3575	7.5895	10.447874	47	Germany
850	50.3575	7.5895	10.031618	47	Germany
850	50.3575	7.5895	10.120706	47	Germany
6132	14.6485	121.0685	78.944605	48	Philippines
6132	14.6485	121.0685	77.889694	48	Philippines
6132	14.6485	121.0685	107.271667	48	Philippines
