#hostname	latitude	longitude	rtt[ms]	ttl	country
#ripeID measurement:	3672368
13663	-30.0315	-51.2295	229.745245	54	Brazil
13663	-30.0315	-51.2295	229.566945	54	Brazil
13663	-30.0315	-51.2295	229.58526	54	Brazil
12605	49.9895	36.2175	43.17165	60	Ukraine
12605	49.9895	36.2175	43.46441	60	Ukraine
12605	49.9895	36.2175	43.32205	60	Ukraine
850	50.3575	7.5895	12.743427	57	Germany
850	50.3575	7.5895	12.645123	57	Germany
850	50.3575	7.5895	12.667395	57	Germany
3579	29.7315	-95.3595	131.645978	50	United States
3579	29.7315	-95.3595	141.543196	50	United States
3579	29.7315	-95.3595	136.489756	50	United States
