#hostname	latitude	longitude	rtt[ms]	ttl	country
#ripeID measurement:	3672369
4777	41.8705	12.4805	9.812738	60	Italy
4777	41.8705	12.4805	9.971714	60	Italy
4777	41.8705	12.4805	9.945602	60	Italy
19592	-18.9115	47.5315	218.99451	47	Madagascar
19592	-18.9115	47.5315	218.62174	47	Madagascar
19592	-18.9115	47.5315	218.480645	47	Madagascar
6047	52.8405	-6.9305	3.676922	59	Ireland
6047	52.8405	-6.9305	3.643929	59	Ireland
6047	52.8405	-6.9305	3.63423	59	Ireland
6055	-27.4705	153.0295	17.477962	59	Australia
6055	-27.4705	153.0295	17.427098	59	Australia
6055	-27.4705	153.0295	17.51082	59	Australia
6029	50.5815	3.1385	5.158761	55	France
6029	50.5815	3.1385	5.156186	55	France
6029	50.5815	3.1385	5.145476	55	France
3579	29.7315	-95.3595	30.01191	53	United States
3579	29.7315	-95.3595	20.201476	53	United States
3579	29.7315	-95.3595	25.300229	53	United States
12605	49.9895	36.2175	55.59642	48	Ukraine
12605	49.9895	36.2175	55.489145	48	Ukraine
12605	49.9895	36.2175	55.45746	48	Ukraine
850	50.3575	7.5895	9.782018	47	Germany
850	50.3575	7.5895	9.832706	47	Germany
850	50.3575	7.5895	9.798146	47	Germany
6132	14.6485	121.0685	82.455259	48	Philippines
6132	14.6485	121.0685	140.326282	48	Philippines
6132	14.6485	121.0685	67.255564	48	Philippines
13663	-30.0315	-51.2295	16.533415	56	Brazil
13663	-30.0315	-51.2295	16.441595	56	Brazil
13663	-30.0315	-51.2295	16.450665	56	Brazil
