#hostname	latitude	longitude	rtt[ms]	ttl	country
#ripeID measurement:	3672257
19592	-18.9115	47.5315	218.811695	47	Madagascar
19592	-18.9115	47.5315	218.71887	47	Madagascar
19592	-18.9115	47.5315	218.54657	47	Madagascar
4777	41.8705	12.4805	9.917186	60	Italy
4777	41.8705	12.4805	9.960962	60	Italy
4777	41.8705	12.4805	9.970946	60	Italy
6132	14.6485	121.0685	131.995878	48	Philippines
6132	14.6485	121.0685	151.461336	48	Philippines
6132	14.6485	121.0685	143.191897	48	Philippines
6055	-27.4705	153.0295	17.383806	59	Australia
6055	-27.4705	153.0295	17.382571	59	Australia
6055	-27.4705	153.0295	17.425423	59	Australia
850	50.3575	7.5895	15.068163	47	Germany
850	50.3575	7.5895	9.947138	47	Germany
850	50.3575	7.5895	9.927938	47	Germany
6029	50.5815	3.1385	5.155166	55	France
6029	50.5815	3.1385	5.114833	55	France
6029	50.5815	3.1385	5.140636	55	France
6047	52.8405	-6.9305	3.675432	59	Ireland
6047	52.8405	-6.9305	3.60643	59	Ireland
6047	52.8405	-6.9305	3.646879	59	Ireland
13663	-30.0315	-51.2295	16.50397	56	Brazil
13663	-30.0315	-51.2295	16.44177	56	Brazil
13663	-30.0315	-51.2295	16.450175	56	Brazil
12605	49.9895	36.2175	55.429085	48	Ukraine
12605	49.9895	36.2175	55.3689	48	Ukraine
12605	49.9895	36.2175	55.38188	48	Ukraine
3579	29.7315	-95.3595	27.05127	53	United States
3579	29.7315	-95.3595	17.832964	53	United States
3579	29.7315	-95.3595	17.852164	53	United States
