#hostname	latitude	longitude	rtt[ms]	ttl	country
#ripeID measurement:	3672253
6047	52.8405	-6.9305	3.680488	59	Ireland
6047	52.8405	-6.9305	3.667128	59	Ireland
6047	52.8405	-6.9305	3.629875	59	Ireland
6029	50.5815	3.1385	5.296765	55	France
6029	50.5815	3.1385	5.122202	55	France
6029	50.5815	3.1385	5.17959	55	France
6055	-27.4705	153.0295	17.448972	59	Australia
6055	-27.4705	153.0295	17.470514	59	Australia
6055	-27.4705	153.0295	17.384806	59	Australia
850	50.3575	7.5895	9.722882	47	Germany
850	50.3575	7.5895	10.236674	47	Germany
850	50.3575	7.5895	10.437122	47	Germany
4777	41.8705	12.4805	9.860354	60	Italy
4777	41.8705	12.4805	9.967874	60	Italy
4777	41.8705	12.4805	9.945602	60	Italy
13663	-30.0315	-51.2295	16.506535	56	Brazil
13663	-30.0315	-51.2295	16.432685	56	Brazil
13663	-30.0315	-51.2295	16.465715	56	Brazil
19592	-18.9115	47.5315	219.412415	47	Madagascar
19592	-18.9115	47.5315	218.704375	47	Madagascar
19592	-18.9115	47.5315	218.689235	47	Madagascar
12605	49.9895	36.2175	55.42197	48	Ukraine
12605	49.9895	36.2175	55.417065	48	Ukraine
12605	49.9895	36.2175	55.365105	48	Ukraine
6132	14.6485	121.0685	100.559677	48	Philippines
6132	14.6485	121.0685	106.427079	48	Philippines
6132	14.6485	121.0685	102.012946	48	Philippines
3579	29.7315	-95.3595	21.729797	53	United States
3579	29.7315	-95.3595	21.3865	53	United States
3579	29.7315	-95.3595	21.307396	53	United States
