#hostname	latitude	longitude	rtt[ms]	ttl	country
#ripeID measurement:	3672352
6047	52.8405	-6.9305	20.666675	58	Ireland
6047	52.8405	-6.9305	20.611326	58	Ireland
6047	52.8405	-6.9305	20.569752	58	Ireland
12605	49.9895	36.2175	43.307425	60	Ukraine
12605	49.9895	36.2175	43.309455	60	Ukraine
12605	49.9895	36.2175	43.281795	60	Ukraine
6029	50.5815	3.1385	15.41177	56	France
6029	50.5815	3.1385	15.210284	56	France
6029	50.5815	3.1385	15.380576	56	France
13663	-30.0315	-51.2295	229.70732	54	Brazil
13663	-30.0315	-51.2295	229.56982	54	Brazil
13663	-30.0315	-51.2295	229.559375	54	Brazil
19592	-18.9115	47.5315	224.00796	51	Madagascar
19592	-18.9115	47.5315	223.066045	51	Madagascar
19592	-18.9115	47.5315	222.96513	51	Madagascar
6055	-27.4705	153.0295	306.907198	43	Australia
6055	-27.4705	153.0295	306.78979	43	Australia
6055	-27.4705	153.0295	306.500509	43	Australia
4777	41.8705	12.4805	42.56564	62	Italy
4777	41.8705	12.4805	41.817608	62	Italy
4777	41.8705	12.4805	41.981192	62	Italy
3579	29.7315	-95.3595	145.800989	50	United States
3579	29.7315	-95.3595	139.961116	50	United States
3579	29.7315	-95.3595	134.939931	50	United States
850	50.3575	7.5895	31.328262	57	Germany
850	50.3575	7.5895	11.904002	57	Germany
850	50.3575	7.5895	11.906306	57	Germany
6132	14.6485	121.0685	344.755716	53	Philippines
6132	14.6485	121.0685	321.677424	53	Philippines
6132	14.6485	121.0685	344.538485	53	Philippines
