#hostname	latitude	longitude	rtt[ms]	ttl	country
#ripeID measurement:	3672263
6029	50.5815	3.1385	5.257045	55	France
6029	50.5815	3.1385	6.195415	55	France
6029	50.5815	3.1385	5.334018	55	France
12605	49.9895	36.2175	55.29717	48	Ukraine
12605	49.9895	36.2175	55.29202	48	Ukraine
12605	49.9895	36.2175	55.28883	48	Ukraine
3579	29.7315	-95.3595	22.324996	53	United States
3579	29.7315	-95.3595	24.764166	53	United States
3579	29.7315	-95.3595	24.761862	53	United States
6055	-27.4705	153.0295	17.679348	59	Australia
6055	-27.4705	153.0295	18.584748	59	Australia
6055	-27.4705	153.0295	17.708324	59	Australia
6047	52.8405	-6.9305	3.674298	59	Ireland
6047	52.8405	-6.9305	3.663969	59	Ireland
6047	52.8405	-6.9305	3.633999	59	Ireland
13663	-30.0315	-51.2295	16.51388	56	Brazil
13663	-30.0315	-51.2295	16.428555	56	Brazil
13663	-30.0315	-51.2295	16.722965	56	Brazil
4777	41.8705	12.4805	10.03469	60	Italy
4777	41.8705	12.4805	10.81037	60	Italy
4777	41.8705	12.4805	10.03469	60	Italy
19592	-18.9115	47.5315	219.365215	47	Madagascar
19592	-18.9115	47.5315	218.379765	47	Madagascar
19592	-18.9115	47.5315	218.68417	47	Madagascar
850	50.3575	7.5895	9.805058	47	Germany
850	50.3575	7.5895	9.945602	47	Germany
850	50.3575	7.5895	9.974786	47	Germany
6132	14.6485	121.0685	100.648614	48	Philippines
6132	14.6485	121.0685	74.930253	48	Philippines
6132	14.6485	121.0685	106.506274	48	Philippines
