#hostname	latitude	longitude	rtt[ms]	ttl	country
#ripeID measurement:	3672260
4381	47.2675	11.4315	27.719429	46	Austria
4381	47.2675	11.4315	27.587334	46	Austria
4381	47.2675	11.4315	27.536646	46	Austria
12605	49.9895	36.2175	55.40067	48	Ukraine
12605	49.9895	36.2175	55.36903	48	Ukraine
12605	49.9895	36.2175	55.35803	48	Ukraine
17503	54.5685	-1.3325	22.78062	55	United Kingdom
17503	54.5685	-1.3325	22.585745	55	United Kingdom
17503	54.5685	-1.3325	22.456465	55	United Kingdom
899	49.0115	8.4115	16.636419	47	Germany
899	49.0115	8.4115	10.642178	47	Germany
899	49.0115	8.4115	10.654466	47	Germany
6003	61.4985	23.7575	9.815095	56	Finland
6003	61.4985	23.7575	9.747563	56	Finland
6003	61.4985	23.7575	9.786775	56	Finland
6119	43.3215	21.8875	30.373083	44	Serbia
6119	43.3215	21.8875	30.751555	44	Serbia
6119	43.3215	21.8875	30.365395	44	Serbia
6047	52.8405	-6.9305	3.657383	59	Ireland
6047	52.8405	-6.9305	3.646744	59	Ireland
6047	52.8405	-6.9305	3.632179	59	Ireland
2951	51.4575	5.7995	15.340802	47	Netherlands
2951	51.4575	5.7995	17.51194	47	Netherlands
2951	51.4575	5.7995	13.694211	47	Netherlands
1367	37.9805	23.7305	30.700806	53	Greece
1367	37.9805	23.7305	30.351366	53	Greece
1367	37.9805	23.7305	30.041862	53	Greece
16530	49.9675	6.4985	12.27476	48	Germany
16530	49.9675	6.4985	12.21749	48	Germany
16530	49.9675	6.4985	12.2218	48	Germany
18054	53.9495	-1.0505	12.82643	47	United Kingdom
18054	53.9495	-1.0505	12.494565	47	United Kingdom
18054	53.9495	-1.0505	12.33062	47	United Kingdom
22998	44.6015	-0.9285	9.192255	56	France
22998	44.6015	-0.9285	9.05668	56	France
22998	44.6015	-0.9285	9.08451	56	France
16330	38.6675	16.0985	61.87099	56	Italy
16330	38.6675	16.0985	63.14088	56	Italy
16330	38.6675	16.0985	61.2501	56	Italy
18864	35.1495	33.3505	60.01522	48	Cyprus
18864	35.1495	33.3505	59.967305	48	Cyprus
18864	35.1495	33.3505	59.94214	48	Cyprus
12344	33.9695	-6.8705	45.93209	50	Morocco
12344	33.9695	-6.8705	44.021505	50	Morocco
12344	33.9695	-6.8705	44.318815	50	Morocco
12504	39.7395	-104.7925	10.231105	54	United States
12504	39.7395	-104.7925	10.567635	54	United States
12504	39.7395	-104.7925	10.40922	54	United States
19372	37.9985	-96.9995	16.52714	56	United States
19372	37.9985	-96.9995	2.29214	56	United States
19372	37.9985	-96.9995	2.273195	56	United States
10008	39.5415	-119.8125	19.528855	52	United States
10008	39.5415	-119.8125	19.39987	52	United States
10008	39.5415	-119.8125	19.45446	52	United States
14894	50.8295	12.9415	59.92078	57	Germany
14894	50.8295	12.9415	61.92521	57	Germany
14894	50.8295	12.9415	58.17641	57	Germany
17325	36.7495	2.9985	45.155795	58	Algeria
17325	36.7495	2.9985	44.793215	58	Algeria
17325	36.7495	2.9985	44.840315	58	Algeria
2205	48.8195	10.0675	53.581067	44	Germany
2205	48.8195	10.0675	52.495114	44	Germany
2205	48.8195	10.0675	51.935242	44	Germany
6153	47.9185	106.9195	86.488558	50	Mongolia
6153	47.9185	106.9195	86.543804	50	Mongolia
6153	47.9185	106.9195	86.463295	50	Mongolia
6161	-12.0925	-77.0095	131.887417	53	Peru
6161	-12.0925	-77.0095	131.874322	53	Peru
6161	-12.0925	-77.0095	131.883978	53	Peru
21269	45.6015	8.1505	8.19137	57	Italy
21269	45.6015	8.1505	14.937895	57	Italy
21269	45.6015	8.1505	8.617755	57	Italy
20709	40.6415	22.9375	20.73003	58	Greece
20709	40.6415	22.9375	20.649435	58	Greece
20709	40.6415	22.9375	20.651785	58	Greece
1261	51.9775	5.9105	19.465732	47	Netherlands
1261	51.9775	5.9105	7.207682	47	Netherlands
1261	51.9775	5.9105	7.239938	47	Netherlands
633	54.9085	23.9585	41.178632	45	Lithuania
633	54.9085	23.9585	41.07956	45	Lithuania
633	54.9085	23.9585	41.057288	45	Lithuania
57	51.1905	6.8695	10.865666	48	Germany
57	51.1905	6.8695	10.25741	48	Germany
57	51.1905	6.8695	10.177538	48	Germany
17605	54.0095	-2.7925	11.851495	50	United Kingdom
17605	54.0095	-2.7925	11.197475	50	United Kingdom
17605	54.0095	-2.7925	11.22232	50	United Kingdom
20053	48.5685	13.4195	5.550235	57	Germany
20053	48.5685	13.4195	5.463515	57	Germany
20053	48.5685	13.4195	5.455005	57	Germany
11845	65.7595	24.5595	22.62058	53	Finland
11845	65.7595	24.5595	22.13633	53	Finland
11845	65.7595	24.5595	21.962845	53	Finland
14313	56.9985	40.9875	8.285285	56	Russian Federation
14313	56.9985	40.9875	8.349	56	Russian Federation
14313	56.9985	40.9875	8.15274	56	Russian Federation
14273	46.6185	18.8605	31.673465	49	Hungary
14273	46.6185	18.8605	32.413855	49	Hungary
14273	46.6185	18.8605	31.322205	49	Hungary
16505	47.7195	12.8475	26.344075	47	Germany
16505	47.7195	12.8475	25.334635	47	Germany
16505	47.7195	12.8475	25.320805	47	Germany
1397	49.2805	16.5615	17.208579	57	Czech Republic
1397	49.2805	16.5615	8.815875	57	Czech Republic
1397	49.2805	16.5615	9.093891	57	Czech Republic
10473	44.5485	-73.1595	21.475865	56	United States
10473	44.5485	-73.1595	25.588435	56	United States
10473	44.5485	-73.1595	21.66967	56	United States
10601	43.7175	-71.7225	24.00414	53	United States
10601	43.7175	-71.7225	23.857095	53	United States
10601	43.7175	-71.7225	23.655775	53	United States
2623	43.3685	5.3485	16.551171	54	France
2623	43.3685	5.3485	17.369092	54	France
2623	43.3685	5.3485	16.871428	54	France
1431	49.4675	11.0585	15.42221	49	Germany
1431	49.4675	11.0585	15.337731	49	Germany
1431	49.4675	11.0585	15.325443	49	Germany
3503	40.2885	-73.9925	38.911496	43	United States
3503	40.2885	-73.9925	34.559239	43	United States
3503	40.2885	-73.9925	39.99668	43	United States
6051	36.7975	10.1595	16.163254	57	Tunisia
6051	36.7975	10.1595	16.130691	57	Tunisia
6051	36.7975	10.1595	16.075559	57	Tunisia
6059	-20.1585	57.4995	44.847822	54	Mauritius
6059	-20.1585	57.4995	44.864839	54	Mauritius
6059	-20.1585	57.4995	45.162198	54	Mauritius
2943	47.0085	28.8595	22.358021	57	Moldova, Republic of
2943	47.0085	28.8595	22.219012	57	Moldova, Republic of
2943	47.0085	28.8595	22.239748	57	Moldova, Republic of
16095	47.7795	10.3015	24.54052	50	Germany
16095	47.7795	10.3015	23.652245	50	Germany
16095	47.7795	10.3015	23.75756	50	Germany
16515	36.8995	30.6975	52.347825	49	Turkey
16515	36.8995	30.6975	51.99341	49	Turkey
16515	36.8995	30.6975	52.12666	49	Turkey
19395	40.2695	29.0915	63.876915	54	Turkey
19395	40.2695	29.0915	63.46649	54	Turkey
19395	40.2695	29.0915	63.54842	54	Turkey
12867	40.5805	-84.1395	18.73479	48	United States
12867	40.5805	-84.1395	18.634545	48	United States
12867	40.5805	-84.1395	18.68435	48	United States
4659	50.8115	8.7695	24.662789	49	Germany
4659	50.8115	8.7695	24.519941	49	Germany
4659	50.8115	8.7695	23.978501	49	Germany
227	-25.7595	28.2685	20.602372	58	South Africa
227	-25.7595	28.2685	21.727492	58	South Africa
227	-25.7595	28.2685	22.279684	58	South Africa
12383	49.8985	-97.1385	26.625635	47	Canada
12383	49.8985	-97.1385	26.510905	47	Canada
12383	49.8985	-97.1385	26.468455	47	Canada
20731	46.9675	8.3485	11.958035	46	Switzerland
20731	46.9675	8.3485	11.79435	46	Switzerland
20731	46.9675	8.3485	11.813305	46	Switzerland
23303	43.5585	11.5275	13.45362	60	Italy
23303	43.5585	11.5275	13.36671	60	Italy
23303	43.5585	11.5275	13.363635	60	Italy
3087	45.1705	5.7215	29.419781	57	France
3087	45.1705	5.7215	28.492806	57	France
3087	45.1705	5.7215	28.495878	57	France
18887	44.8505	34.9815	53.96939	47	Ukraine
18887	44.8505	34.9815	51.494685	47	Ukraine
18887	44.8505	34.9815	51.17509	47	Ukraine
25015	53.8995	27.5675	26.866925	55	Belarus
25015	53.8995	27.5675	21.200215	55	Belarus
25015	53.8995	27.5675	22.28144	55	Belarus
2263	56.3485	-4.3695	39.883784	57	United Kingdom
2263	56.3485	-4.3695	39.947528	57	United Kingdom
2263	56.3485	-4.3695	39.607304	57	United Kingdom
15391	27.7175	85.3215	298.1586	33	Nepal
15391	27.7175	85.3215	298.048835	33	Nepal
15391	27.7175	85.3215	297.9166	33	Nepal
6111	59.3575	27.4075	16.910341	48	Estonia
6111	59.3575	27.4075	16.877296	48	Estonia
6111	59.3575	27.4075	16.887037	48	Estonia
2518	49.2515	4.0275	6.74381	52	France
2518	49.2515	4.0275	6.561026	52	France
2518	49.2515	4.0275	5.743874	52	France
23906	57.0505	9.9375	24.594365	42	Denmark
23906	57.0505	9.9375	24.432485	42	Denmark
23906	57.0505	9.9375	24.47034	42	Denmark
4292	50.0085	19.8815	26.986757	47	Poland
4292	50.0085	19.8815	27.168006	47	Poland
4292	50.0085	19.8815	27.245574	47	Poland
10924	42.4495	12.0885	13.27352	59	Italy
10924	42.4495	12.0885	13.374515	59	Italy
10924	42.4495	12.0885	13.398095	59	Italy
3084	47.9995	-4.0985	30.005766	54	France
3084	47.9995	-4.0985	30.195462	54	France
3084	47.9995	-4.0985	30.298374	54	France
6090	25.2775	51.5215	12.977326	58	Qatar
6090	25.2775	51.5215	19.848917	58	Qatar
6090	25.2775	51.5215	19.83338	58	Qatar
20002	46.4785	12.8675	8.63773	57	Italy
20002	46.4785	12.8675	8.00096	57	Italy
20002	46.4785	12.8675	7.971155	57	Italy
22174	65.5795	22.1505	15.643895	53	Sweden
22174	65.5795	22.1505	15.2076	53	Sweden
22174	65.5795	22.1505	15.13416	53	Sweden
2474	48.8595	2.3405	2.385409	45	France
2474	48.8595	2.3405	2.370817	45	France
2474	48.8595	2.3405	2.379265	45	France
17670	56.8675	60.6505	29.15943	57	Russian Federation
17670	56.8675	60.6505	29.055595	57	Russian Federation
17670	56.8675	60.6505	29.074735	57	Russian Federation
2598	52.2515	20.9415	20.328196	50	Poland
2598	52.2515	20.9415	20.135428	50	Poland
2598	52.2515	20.9415	20.16538	50	Poland
2494	34.1495	42.3815	38.359304	56	Iraq
2494	34.1495	42.3815	38.210312	56	Iraq
2494	34.1495	42.3815	38.22644	56	Iraq
3026	59.8905	30.2585	14.471426	46	Russian Federation
3026	59.8905	30.2585	14.704899	46	Russian Federation
3026	59.8905	30.2585	14.150403	46	Russian Federation
20220	40.6775	15.2285	28.18583	58	Italy
20220	40.6775	15.2285	22.12083	58	Italy
20220	40.6775	15.2285	20.19884	58	Italy
20544	50.3195	20.6695	58.54391	48	Poland
20544	50.3195	20.6695	57.558625	48	Poland
20544	50.3195	20.6695	57.65399	48	Poland
2552	40.9785	29.0995	54.498826	48	Turkey
2552	40.9785	29.0995	59.676684	48	Turkey
2552	40.9785	29.0995	54.259211	48	Turkey
2550	51.4875	-2.5105	15.303171	56	United Kingdom
2550	51.4875	-2.5105	15.417603	56	United Kingdom
2550	51.4875	-2.5105	15.224067	56	United Kingdom
2338	38.7215	-9.1315	30.114822	56	Portugal
2338	38.7215	-9.1315	3.786241	56	Portugal
2338	38.7215	-9.1315	3.834625	56	Portugal
726	43.9805	12.4885	8.183041	54	San Marino
726	43.9805	12.4885	7.856642	54	San Marino
726	43.9805	12.4885	7.962626	54	San Marino
6128	33.7315	73.0885	107.599735	53	Pakistan
6128	33.7315	73.0885	107.627917	53	Pakistan
6128	33.7315	73.0885	107.806615	53	Pakistan
4910	53.5075	18.6375	46.861833	43	Poland
4910	53.5075	18.6375	45.506313	43	Poland
4910	53.5075	18.6375	45.691401	43	Poland
4718	50.8515	9.9975	36.766471	49	Germany
4718	50.8515	9.9975	36.616712	49	Germany
4718	50.8515	9.9975	37.41236	49	Germany
622	59.9885	6.0085	19.382788	50	Norway
622	59.9885	6.0085	19.411204	50	Norway
622	59.9885	6.0085	19.21306	50	Norway
3356	45.0905	7.6595	3.789313	60	Italy
3356	45.0905	7.6595	3.785473	60	Italy
3356	45.0905	7.6595	3.660288	60	Italy
15690	52.9875	-2.1785	11.39056	57	United Kingdom
15690	52.9875	-2.1785	10.753555	57	United Kingdom
15690	52.9875	-2.1785	11.48765	57	United Kingdom
20688	47.8415	35.1215	59.62497	47	Ukraine
20688	47.8415	35.1215	59.58247	47	Ukraine
20688	47.8415	35.1215	59.53892	47	Ukraine
17146	48.8205	-0.5005	10.82878	53	France
17146	48.8205	-0.5005	11.615175	53	France
17146	48.8205	-0.5005	11.48981	53	France
18878	48.6715	19.5005	17.978465	59	Slovakia
18878	48.6715	19.5005	11.34334	59	Slovakia
18878	48.6715	19.5005	11.33496	59	Slovakia
2288	57.7015	12.0015	13.447683	53	Sweden
2288	57.7015	12.0015	13.314819	53	Sweden
2288	57.7015	12.0015	13.336322	53	Sweden
22294	47.8495	12.1215	17.742915	47	Germany
22294	47.8495	12.1215	17.88357	47	Germany
22294	47.8495	12.1215	17.761455	47	Germany
3294	53.3395	9.9815	23.917828	53	Germany
3294	53.3395	9.9815	23.319557	53	Germany
3294	53.3395	9.9815	23.132165	53	Germany
6058	50.6715	4.6095	10.943593	49	Belgium
6058	50.6715	4.6095	10.608575	49	Belgium
6058	50.6715	4.6095	10.379086	49	Belgium
24762	36.1585	1.3305	44.60228	53	Algeria
24762	36.1585	1.3305	44.66294	53	Algeria
24762	36.1585	1.3305	44.214845	53	Algeria
10438	39.2515	-86.4615	17.698265	48	United States
10438	39.2515	-86.4615	17.66043	48	United States
10438	39.2515	-86.4615	17.57784	48	United States
15026	53.2605	-0.5115	17.853425	52	United Kingdom
15026	53.2605	-0.5115	16.654135	52	United Kingdom
15026	53.2605	-0.5115	17.99521	52	United Kingdom
2430	54.3375	10.0985	11.919362	56	Germany
2430	54.3375	10.0985	12.409347	56	Germany
2430	54.3375	10.0985	12.019203	56	Germany
1462	52.5185	13.4005	45.248265	56	Germany
1462	52.5185	13.4005	45.385737	56	Germany
1462	52.5185	13.4005	42.973448	56	Germany
15382	-29.8615	31.0415	51.98061	56	South Africa
15382	-29.8615	31.0415	50.253485	56	South Africa
15382	-29.8615	31.0415	49.164925	56	South Africa
4564	42.6795	23.3205	1.810176	55	Bulgaria
4564	42.6795	23.3205	1.486848	55	Bulgaria
4564	42.6795	23.3205	1.518336	55	Bulgaria
2136	55.6705	12.5785	17.18554	55	Denmark
2136	55.6705	12.5785	10.325762	55	Denmark
2136	55.6705	12.5785	10.356482	55	Denmark
17620	44.6575	-63.6315	28.09254	59	Canada
17620	44.6575	-63.6315	28.003545	59	Canada
17620	44.6575	-63.6315	28.00399	59	Canada
600	58.0375	12.8075	18.841347	54	Sweden
600	58.0375	12.8075	15.165699	54	Sweden
600	58.0375	12.8075	14.648835	54	Sweden
10248	49.4415	22.5795	36.644685	46	Poland
10248	49.4415	22.5795	36.62634	46	Poland
10248	49.4415	22.5795	36.675815	46	Poland
11736	50.7405	-1.9815	13.32283	53	United Kingdom
11736	50.7405	-1.9815	13.247025	53	United Kingdom
11736	50.7405	-1.9815	13.266735	53	United Kingdom
20385	46.0495	13.1415	37.634925	40	Italy
20385	46.0495	13.1415	30.814025	40	Italy
20385	46.0495	13.1415	30.604085	40	Italy
4061	15.5875	32.5305	95.732755	55	Sudan
4061	15.5875	32.5305	95.556883	55	Sudan
4061	15.5875	32.5305	94.991635	55	Sudan
23141	51.7475	-9.4505	21.357765	56	Ireland
23141	51.7475	-9.4505	12.3831	56	Ireland
23141	51.7475	-9.4505	11.244075	56	Ireland
21577	62.4705	6.2405	34.440995	46	Norway
21577	62.4705	6.2405	34.355835	46	Norway
21577	62.4705	6.2405	34.48384	46	Norway
18625	37.5995	126.9785	49.159765	49	Korea, Republic of
18625	37.5995	126.9785	41.85678	49	Korea, Republic of
18625	37.5995	126.9785	40.09453	49	Korea, Republic of
1297	50.8505	-1.1685	6.781441	53	United Kingdom
1297	50.8505	-1.1685	6.883586	53	United Kingdom
1297	50.8505	-1.1685	6.803713	53	United Kingdom
24633	41.2285	-95.8815	23.01788	55	United States
24633	41.2285	-95.8815	23.97387	55	United States
24633	41.2285	-95.8815	23.624645	55	United States
929	53.4115	-2.9315	17.525763	56	United Kingdom
929	53.4115	-2.9315	14.673411	56	United Kingdom
929	53.4115	-2.9315	15.590403	56	United Kingdom
18189	-6.8885	107.6115	20.457125	55	Indonesia
18189	-6.8885	107.6115	19.16771	55	Indonesia
18189	-6.8885	107.6115	18.22738	55	Indonesia
23405	18.0595	83.3975	28.03105	57	India
23405	18.0595	83.3975	21.004095	57	India
23405	18.0595	83.3975	22.296365	57	India
20001	59.3675	28.5975	7.04248	46	Russian Federation
20001	59.3675	28.5975	6.81732	46	Russian Federation
20001	59.3675	28.5975	6.603685	46	Russian Federation
15921	50.8675	12.1785	29.719295	41	Germany
15921	50.8675	12.1785	50.942285	41	Germany
15921	50.8675	12.1785	59.022425	41	Germany
10696	63.1005	21.5915	16.244875	53	Finland
10696	63.1005	21.5915	14.852285	53	Finland
10696	63.1005	21.5915	14.9911	53	Finland
11256	40.2105	44.4995	31.89754	60	Armenia
11256	40.2105	44.4995	32.014435	60	Armenia
11256	40.2105	44.4995	31.87118	60	Armenia
22937	43.3205	45.6885	56.635455	49	Russian Federation
22937	43.3205	45.6885	57.077605	49	Russian Federation
22937	43.3205	45.6885	56.45815	49	Russian Federation
10644	61.0695	28.0895	10.768335	57	Finland
10644	61.0695	28.0895	10.775055	57	Finland
10644	61.0695	28.0895	10.69758	57	Finland
2221	51.2475	22.5685	26.792453	48	Poland
2221	51.2475	22.5685	26.648069	48	Poland
2221	51.2475	22.5685	26.812421	48	Poland
4752	56.5185	8.3195	50.713354	57	Denmark
4752	56.5185	8.3195	142.444061	57	Denmark
4752	56.5185	8.3195	157.405472	57	Denmark
18161	52.4175	16.9705	30.121885	43	Poland
18161	52.4175	16.9705	30.99281	43	Poland
18161	52.4175	16.9705	28.86749	43	Poland
10445	38.8395	-78.6405	31.06462	44	United States
10445	38.8395	-78.6405	32.14419	44	United States
10445	38.8395	-78.6405	30.4319	44	United States
15228	34.0815	-118.3115	13.576335	53	United States
15228	34.0815	-118.3115	13.133065	53	United States
15228	34.0815	-118.3115	13.140875	53	United States
1149	28.6815	-81.2005	27.283205	37	United States
1149	28.6815	-81.2005	22.478597	37	United States
1149	28.6815	-81.2005	21.427204	37	United States
18252	42.0485	-92.9305	28.01279	46	United States
18252	42.0485	-92.9305	27.66149	46	United States
18252	42.0485	-92.9305	26.842635	46	United States
14685	49.0095	12.1515	16.155265	47	Germany
14685	49.0095	12.1515	12.916185	47	Germany
14685	49.0095	12.1515	12.91081	47	Germany
18432	53.5385	-113.5115	97.837725	52	Canada
18432	53.5385	-113.5115	97.685885	52	Canada
18432	53.5385	-113.5115	97.67912	52	Canada
17773	47.9985	0.2005	8.84757	56	France
17773	47.9985	0.2005	6.64	56	France
17773	47.9985	0.2005	8.092385	56	France
15969	42.5015	1.5205	18.196145	51	Andorra
15969	42.5015	1.5205	14.85492	51	Andorra
15969	42.5015	1.5205	14.01121	51	Andorra
14025	51.7795	5.0485	17.84415	48	Netherlands
14025	51.7795	5.0485	9.84347	48	Netherlands
14025	51.7795	5.0485	9.208645	48	Netherlands
14561	35.8375	-78.6295	18.75487	41	United States
14561	35.8375	-78.6295	18.674465	41	United States
14561	35.8375	-78.6295	18.680465	41	United States
13964	26.2195	50.5805	91.044205	56	Bahrain
13964	26.2195	50.5805	91.023845	56	Bahrain
13964	26.2195	50.5805	91.028405	56	Bahrain
4400	51.4375	7.5675	34.050823	55	Germany
4400	51.4375	7.5675	33.571591	55	Germany
4400	51.4375	7.5675	33.911815	55	Germany
156	50.1205	8.7395	10.055426	51	Germany
156	50.1205	8.7395	10.004738	51	Germany
156	50.1205	8.7395	10.049282	51	Germany
2001	43.3175	-1.9225	33.057799	54	Spain
2001	43.3175	-1.9225	32.702982	54	Spain
2001	43.3175	-1.9225	33.197574	54	Spain
668	52.3315	35.3705	12.021506	57	Russian Federation
668	52.3315	35.3705	12.026115	57	Russian Federation
668	52.3315	35.3705	11.973891	57	Russian Federation
2452	46.1285	-1.0705	36.102919	55	France
2452	46.1285	-1.0705	35.633672	55	France
2937	62.2705	25.8985	14.829315	55	Finland
2937	62.2705	25.8985	14.300931	55	Finland
2937	62.2705	25.8985	14.461443	55	Finland
10405	33.5095	-112.0825	28.06571	54	United States
10405	33.5095	-112.0825	21.4872	54	United States
10405	33.5095	-112.0825	20.528735	54	United States
18129	-28.9985	29.8785	28.997735	54	South Africa
18129	-28.9985	29.8785	19.564095	54	South Africa
18129	-28.9985	29.8785	18.04079	54	South Africa
15253	-34.5915	-60.9505	7.802055	58	Argentina
15253	-34.5915	-60.9505	7.773215	58	Argentina
15253	-34.5915	-60.9505	7.756375	58	Argentina
24201	39.6475	27.8775	70.212365	53	Turkey
24201	39.6475	27.8775	70.095935	53	Turkey
24201	39.6475	27.8775	70.060715	53	Turkey
25389	29.1015	53.0515	108.855245	40	Iran, Islamic Republic of
25389	29.1015	53.0515	107.16349	40	Iran, Islamic Republic of
25389	29.1015	53.0515	106.720065	40	Iran, Islamic Republic of
11249	54.5815	-5.9305	4.681825	56	United Kingdom
11249	54.5815	-5.9305	4.480265	56	United Kingdom
11249	54.5815	-5.9305	4.45285	56	United Kingdom
13896	39.5105	-0.4185	7.22542	55	Spain
13896	39.5105	-0.4185	7.12236	55	Spain
13896	39.5105	-0.4185	7.130155	55	Spain
25165	-37.8505	176.4105	79.500235	53	New Zealand
25165	-37.8505	176.4105	65.529595	53	New Zealand
25165	-37.8505	176.4105	65.37303	53	New Zealand
23796	41.3105	69.2415	61.20957	51	Uzbekistan
23796	41.3105	69.2415	60.79394	51	Uzbekistan
23796	41.3105	69.2415	60.80049	51	Uzbekistan
20517	61.7605	34.3175	19.716815	55	Russian Federation
20517	61.7605	34.3175	19.55165	55	Russian Federation
20517	61.7605	34.3175	19.51571	55	Russian Federation
11149	50.8115	14.9595	34.63269	44	Czech Republic
11149	50.8115	14.9595	34.35865	44	Czech Republic
11149	50.8115	14.9595	34.375	44	Czech Republic
2369	49.0115	17.6505	17.806851	56	Czech Republic
2369	49.0115	17.6505	16.738564	56	Czech Republic
2369	49.0115	17.6505	16.994308	56	Czech Republic
20769	56.3215	43.9505	8.49618	57	Russian Federation
20769	56.3215	43.9505	7.71899	57	Russian Federation
20769	56.3215	43.9505	7.691795	57	Russian Federation
3517	44.5705	-88.1225	35.667463	43	United States
3517	44.5705	-88.1225	35.552263	43	United States
3517	44.5705	-88.1225	35.563783	43	United States
14069	32.8115	-96.8695	3.220425	57	United States
14069	32.8115	-96.8695	3.13796	57	United States
14069	32.8115	-96.8695	3.119775	57	United States
6029	50.5815	3.1385	5.123917	55	France
6029	50.5815	3.1385	5.089904	55	France
6029	50.5815	3.1385	5.095764	55	France
22260	55.1775	30.2005	46.37534	48	Belarus
22260	55.1775	30.2005	46.3342	48	Belarus
22260	55.1775	30.2005	46.243285	48	Belarus
18960	49.5975	34.5405	52.469235	48	Ukraine
18960	49.5975	34.5405	52.207275	48	Ukraine
18960	49.5975	34.5405	52.250885	48	Ukraine
2792	56.1385	8.9715	15.974403	54	Denmark
2792	56.1385	8.9715	13.437698	54	Denmark
2792	56.1385	8.9715	13.386242	54	Denmark
1408	38.9515	-77.3625	11.103747	48	United States
1408	38.9515	-77.3625	11.099138	48	United States
1408	38.9515	-77.3625	11.082242	48	United States
13984	54.3395	18.6215	44.48021	41	Poland
13984	54.3395	18.6215	43.886865	41	Poland
13984	54.3395	18.6215	44.055715	41	Poland
25329	49.1815	9.2285	23.06629	47	Germany
25329	49.1815	9.2285	23.52993	47	Germany
25329	49.1815	9.2285	22.997185	47	Germany
24836	39.2005	-80.2915	54.5859	43	United States
24836	39.2005	-80.2915	30.43796	43	United States
24836	39.2005	-80.2915	41.11671	43	United States
2129	-31.9485	115.8585	46.642185	57	Australia
2129	-31.9485	115.8585	46.652938	57	Australia
2129	-31.9485	115.8585	46.603786	57	Australia
21283	45.6485	15.6615	13.335695	55	Croatia
21283	45.6485	15.6615	13.091775	55	Croatia
21283	45.6485	15.6615	13.134	55	Croatia
2751	45.6075	9.2395	19.518724	53	Italy
2751	45.6075	9.2395	18.72154	53	Italy
2751	45.6075	9.2395	18.838276	53	Italy
11103	42.4985	27.4675	7.391725	56	Bulgaria
11103	42.4985	27.4675	7.30416	56	Bulgaria
11103	42.4985	27.4675	7.28346	56	Bulgaria
3239	51.3615	-0.8615	16.652547	56	United Kingdom
3239	51.3615	-0.8615	18.974212	56	United Kingdom
3239	51.3615	-0.8615	17.0665	56	United Kingdom
13083	53.6485	-1.7785	28.393225	54	United Kingdom
13083	53.6485	-1.7785	27.58407	54	United Kingdom
13083	53.6485	-1.7785	27.775955	54	United Kingdom
19587	48.4605	35.0415	58.199695	47	Ukraine
19587	48.4605	35.0415	57.975195	47	Ukraine
19587	48.4605	35.0415	57.996335	47	Ukraine
1207	52.9105	-1.2325	18.438915	53	United Kingdom
1207	52.9105	-1.2325	18.408196	53	United Kingdom
1207	52.9105	-1.2325	18.315268	53	United Kingdom
15383	63.6785	22.6715	14.8594	54	Finland
15383	63.6785	22.6715	14.851195	54	Finland
15383	63.6785	22.6715	14.917115	54	Finland
4619	32.6915	51.6175	144.31414	36	Iran, Islamic Republic of
4619	32.6915	51.6175	146.27331	36	Iran, Islamic Republic of
4619	32.6915	51.6175	146.356254	36	Iran, Islamic Republic of
2671	50.7675	3.8705	19.926532	47	Belgium
2671	50.7675	3.8705	18.527236	47	Belgium
2671	50.7675	3.8705	21.030148	47	Belgium
3055	29.3695	47.9795	44.630025	55	Kuwait
3055	29.3695	47.9795	40.091912	55	Kuwait
3055	29.3695	47.9795	41.724681	55	Kuwait
3579	29.7315	-95.3595	22.584581	53	United States
3579	29.7315	-95.3595	23.006981	53	United States
3579	29.7315	-95.3595	28.065798	53	United States
15051	52.9875	18.6595	23.00998	46	Poland
15051	52.9875	18.6595	22.964605	46	Poland
15051	52.9875	18.6595	22.97024	46	Poland
16015	47.2495	6.0175	23.440355	52	France
16015	47.2495	6.0175	23.66782	52	France
16015	47.2495	6.0175	23.50249	52	France
25263	55.0285	8.6605	30.941115	49	Denmark
25263	55.0285	8.6605	30.96243	49	Denmark
25263	55.0285	8.6605	30.913585	49	Denmark
23891	50.1175	18.5315	41.269315	48	Poland
23891	50.1175	18.5315	41.189365	48	Poland
23891	50.1175	18.5315	41.201905	48	Poland
63	46.2785	7.4105	13.859331	55	Switzerland
63	46.2785	7.4105	13.728003	55	Switzerland
63	46.2785	7.4105	11.952386	55	Switzerland
24303	35.3885	-97.5825	16.000665	55	United States
24303	35.3885	-97.5825	14.63961	55	United States
24303	35.3885	-97.5825	15.548955	55	United States
18375	60.4495	22.2605	6.08316	57	Finland
18375	60.4495	22.2605	5.975545	57	Finland
18375	60.4495	22.2605	5.996575	57	Finland
18567	56.8905	24.2305	38.58886	51	Latvia
18567	56.8905	24.2305	38.42046	51	Latvia
18567	56.8905	24.2305	38.5708	51	Latvia
12839	50.6115	26.2685	45.828515	47	Ukraine
12839	50.6115	26.2685	45.840955	47	Ukraine
12839	50.6115	26.2685	46.06068	47	Ukraine
18975	46.4595	30.7405	50.187335	47	Ukraine
18975	46.4595	30.7405	50.338495	47	Ukraine
18975	46.4595	30.7405	50.220575	47	Ukraine
19611	47.2175	-1.5525	16.973195	50	France
19611	47.2175	-1.5525	8.03774	50	France
19611	47.2175	-1.5525	8.021625	50	France
935	59.4795	18.2985	3.06048	54	Sweden
935	59.4795	18.2985	2.602753	54	Sweden
935	59.4795	18.2985	2.712577	54	Sweden
22487	51.1605	3.2215	15.111905	48	Belgium
22487	51.1605	3.2215	11.36059	48	Belgium
22487	51.1605	3.2215	11.31207	48	Belgium
19907	43.1205	-71.9325	12.49622	59	United States
19907	43.1205	-71.9325	11.283515	59	United States
19907	43.1205	-71.9325	11.21855	59	United States
6127	41.7205	-73.9315	4.097333	56	United States
6127	41.7205	-73.9315	4.489395	56	United States
6127	41.7205	-73.9315	3.999441	56	United States
6071	51.1775	4.4205	11.237814	47	Belgium
6071	51.1775	4.4205	10.950323	47	Belgium
6071	51.1775	4.4205	10.943352	47	Belgium
16019	46.2215	8.1975	0.53145	59	Italy
16019	46.2215	8.1975	0.459365	59	Italy
16019	46.2215	8.1975	0.45225	59	Italy
18803	58.7985	9.3775	16.087985	55	Norway
18803	58.7985	9.3775	14.806285	55	Norway
18803	58.7985	9.3775	14.83771	55	Norway
2979	51.7515	19.4705	30.446598	51	Poland
2979	51.7515	19.4705	30.470406	51	Poland
2979	51.7515	19.4705	30.584839	51	Poland
24891	61.3575	16.3615	5.63464	55	Sweden
24891	61.3575	16.3615	5.47986	55	Sweden
24891	61.3575	16.3615	5.5045	55	Sweden
2763	38.0985	-78.3995	32.636934	44	United States
2763	38.0985	-78.3995	31.671558	44	United States
2763	38.0985	-78.3995	32.019463	44	United States
4635	40.8595	-73.1215	16.553475	56	United States
4635	40.8595	-73.1215	10.813442	56	United States
4635	40.8595	-73.1215	11.441666	56	United States
16111	39.9475	-82.7725	29.169375	44	United States
16111	39.9475	-82.7725	28.196335	44	United States
16111	39.9475	-82.7725	29.321135	44	United States
18627	-18.1295	178.4185	40.82602	51	Fiji
18627	-18.1295	178.4185	39.99956	51	Fiji
18627	-18.1295	178.4185	40.384725	51	Fiji
1179	42.4215	-71.1495	15.133443	58	United States
1179	42.4215	-71.1495	14.258691	58	United States
1179	42.4215	-71.1495	14.238723	58	United States
15386	40.5305	-75.1185	62.902825	41	United States
15386	40.5305	-75.1185	62.178195	41	United States
15386	40.5305	-75.1185	62.529905	41	United States
138	59.3115	13.5385	9.102338	55	Sweden
138	59.3115	13.5385	9.007874	55	Sweden
138	59.3115	13.5385	9.145346	55	Sweden
790	48.5775	7.7415	46.384906	53	France
790	48.5775	7.7415	45.057801	53	France
2402	38.9385	-76.4925	20.79898	46	United States
2402	38.9385	-76.4925	21.366532	46	United States
2402	38.9385	-76.4925	18.54106	46	United States
2406	40.4205	-3.7025	3.944448	56	Spain
2406	40.4205	-3.7025	3.608065	56	Spain
2406	40.4205	-3.7025	3.753217	56	Spain
23618	59.8515	17.6275	11.423175	56	Sweden
23618	59.8515	17.6275	11.265475	56	Sweden
23618	59.8515	17.6275	11.26487	56	Sweden
15262	-33.2915	-66.3395	23.796735	55	Argentina
15262	-33.2915	-66.3395	24.01761	55	Argentina
15262	-33.2915	-66.3395	26.895055	55	Argentina
21130	38.4375	-122.7115	6.442115	56	United States
21130	38.4375	-122.7115	6.39729	56	United States
21130	38.4375	-122.7115	6.39515	56	United States
823	52.1185	8.6485	15.308546	51	Germany
823	52.1185	8.6485	15.061252	51	Germany
823	52.1185	8.6485	15.025924	51	Germany
1211	47.2175	25.7375	55.511051	43	Romania
1211	47.2175	25.7375	55.187723	43	Romania
1211	47.2175	25.7375	55.2315	43	Romania
1347	52.2205	6.8995	17.003523	48	Netherlands
1347	52.2205	6.8995	14.846211	48	Netherlands
1347	52.2205	6.8995	14.681859	48	Netherlands
24775	38.4195	27.1405	57.66593	45	Turkey
24775	38.4195	27.1405	57.568325	45	Turkey
24775	38.4195	27.1405	57.630165	45	Turkey
19550	-24.6525	25.9095	34.001	56	Botswana
19550	-24.6525	25.9095	18.540105	56	Botswana
19550	-24.6525	25.9095	23.080755	56	Botswana
2935	-37.7905	175.2785	54.281482	48	New Zealand
2935	-37.7905	175.2785	69.99323	48	New Zealand
2935	-37.7905	175.2785	57.61998	48	New Zealand
4482	48.6785	8.9715	24.03226	49	Germany
4482	48.6785	8.9715	41.551113	49	Germany
4482	48.6785	8.9715	36.082951	49	Germany
1218	49.4515	-2.5925	10.795011	52	Guernsey
1218	49.4515	-2.5925	10.54925	52	Guernsey
1218	49.4515	-2.5925	10.509314	52	Guernsey
24286	51.8905	-8.3285	22.78558	55	Ireland
24286	51.8905	-8.3285	22.442445	55	Ireland
24286	51.8905	-8.3285	22.474635	55	Ireland
18239	40.0715	-74.6015	5.438375	57	United States
18239	40.0715	-74.6015	5.32247	57	United States
18239	40.0715	-74.6015	5.22752	57	United States
24874	37.3795	-5.9795	42.2989	44	Spain
24874	37.3795	-5.9795	41.816795	44	Spain
24874	37.3795	-5.9795	41.80271	44	Spain
1107	32.2905	-90.1825	15.625731	54	United States
1107	32.2905	-90.1825	13.231107	54	United States
1107	32.2905	-90.1825	13.237251	54	United States
20110	38.0975	43.2575	39.878195	47	Turkey
20110	38.0975	43.2575	39.694175	47	Turkey
20110	38.0975	43.2575	39.448885	47	Turkey
3698	39.1715	-78.1685	19.555588	43	United States
3698	39.1715	-78.1685	17.25082	43	United States
3698	39.1715	-78.1685	17.168644	43	United States
3094	51.7795	-1.2685	4.353024	57	United Kingdom
3094	51.7795	-1.2685	4.208641	57	United Kingdom
3094	51.7795	-1.2685	4.220929	57	United Kingdom
1142	40.0485	-75.2305	54.372107	55	United States
1142	40.0485	-75.2305	43.425033	55	United States
1142	40.0485	-75.2305	13.048323	55	United States
10602	28.5885	-82.3525	24.307615	40	United States
10602	28.5885	-82.3525	23.735385	40	United States
10602	28.5885	-82.3525	24.928435	40	United States
10406	39.7605	-86.8125	37.1953	50	United States
10406	39.7605	-86.8125	36.94258	50	United States
10406	39.7605	-86.8125	36.70726	50	United States
6086	50.4005	80.2515	72.612222	53	Kazakhstan
6086	50.4005	80.2515	72.329351	53	Kazakhstan
6086	50.4005	80.2515	71.961244	53	Kazakhstan
20970	49.0675	18.9205	18.00728	55	Slovakia
20970	49.0675	18.9205	17.903645	55	Slovakia
20970	49.0675	18.9205	17.97742	55	Slovakia
16686	15.0005	30.0015	144.004375	54	Sudan
16686	15.0005	30.0015	150.28345	54	Sudan
16686	15.0005	30.0015	107.999395	54	Sudan
12862	31.3485	48.6905	79.711465	49	Iran, Islamic Republic of
12862	31.3485	48.6905	78.51216	49	Iran, Islamic Republic of
12862	31.3485	48.6905	78.261995	49	Iran, Islamic Republic of
25210	-1.2825	36.8175	7.204185	58	Kenya
25210	-1.2825	36.8175	7.060715	58	Kenya
25210	-1.2825	36.8175	7.118105	58	Kenya
19710	-41.2925	174.7775	32.849965	54	New Zealand
19710	-41.2925	174.7775	32.66588	54	New Zealand
19710	-41.2925	174.7775	33.068755	54	New Zealand
502	50.4285	30.5175	59.07534	45	Ukraine
502	50.4285	30.5175	60.417036	45	Ukraine
502	50.4285	30.5175	58.401804	45	Ukraine
2630	44.8775	9.1685	20.252165	54	Italy
2630	44.8775	9.1685	20.22682	54	Italy
2630	44.8775	9.1685	19.765252	54	Italy
13994	53.1695	8.6515	6.773475	57	Germany
13994	53.1695	8.6515	6.690915	57	Germany
13994	53.1695	8.6515	7.2677	57	Germany
10314	45.5395	-73.4425	26.262695	58	Canada
10314	45.5395	-73.4425	20.00749	58	Canada
10314	45.5395	-73.4425	19.906065	58	Canada
22530	19.6975	-155.1415	74.168435	45	United States
22530	19.6975	-155.1415	74.20708	45	United States
22530	19.6975	-155.1415	74.06798	45	United States
22958	47.4015	0.6595	16.46526	53	France
22958	47.4015	0.6595	15.95592	53	France
22958	47.4015	0.6595	16.5229	53	France
10126	42.0005	21.4285	12.972365	56	Macedonia, Republic of
10126	42.0005	21.4285	5.161715	56	Macedonia, Republic of
10126	42.0005	21.4285	5.174175	56	Macedonia, Republic of
11266	56.2505	10.2705	31.71872	53	Denmark
11266	56.2505	10.2705	14.292025	53	Denmark
11266	56.2505	10.2705	15.86749	53	Denmark
13797	44.8205	20.4715	30.12141	52	Serbia
13797	44.8205	20.4715	29.713855	52	Serbia
13797	44.8205	20.4715	32.97926	52	Serbia
21337	46.0205	8.9185	5.690925	57	Switzerland
21337	46.0205	8.9185	5.66748	57	Switzerland
21337	46.0205	8.9185	5.60764	57	Switzerland
12588	40.0515	-105.3785	12.87278	55	United States
12588	40.0515	-105.3785	13.056245	55	United States
12588	40.0515	-105.3785	11.763245	55	United States
14300	55.6175	-131.5825	39.738085	50	United States
14300	55.6175	-131.5825	40.181705	50	United States
14300	55.6175	-131.5825	42.56101	50	United States
2049	48.3515	11.6495	19.908868	58	Germany
2049	48.3515	11.6495	18.994949	58	Germany
2049	48.3515	11.6495	19.670788	58	Germany
2549	41.9715	-87.6605	24.300293	49	United States
2549	41.9715	-87.6605	18.987268	49	United States
2549	41.9715	-87.6605	19.529475	49	United States
18561	30.5375	-97.9195	38.1232	53	United States
18561	30.5375	-97.9195	28.78545	53	United States
18561	30.5375	-97.9195	26.069575	53	United States
10497	31.9605	34.8015	98.486835	46	Israel
10497	31.9605	34.8015	81.98413	46	Israel
10497	31.9605	34.8015	81.615005	46	Israel
22737	-17.5295	-149.5715	139.219455	51	French Polynesia
22737	-17.5295	-149.5715	138.117605	51	French Polynesia
22737	-17.5295	-149.5715	139.72187	51	French Polynesia
4405	38.2695	-77.5925	21.198341	45	United States
4405	38.2695	-77.5925	22.72666	45	United States
4405	38.2695	-77.5925	22.774276	45	United States
3169	41.5515	-8.4195	27.091974	56	Portugal
3169	41.5515	-8.4195	25.476869	56	Portugal
3169	41.5515	-8.4195	25.462277	56	Portugal
644	48.7095	6.1395	27.162629	57	France
644	48.7095	6.1395	6.111745	57	France
644	48.7095	6.1395	12.724226	57	France
6126	52.5305	5.7185	5.960582	50	Netherlands
6126	52.5305	5.7185	5.808249	50	Netherlands
6126	52.5305	5.7185	5.770079	50	Netherlands
12120	44.8275	11.5985	5.20858	55	Italy
12120	44.8275	11.5985	4.898205	55	Italy
12120	44.8275	11.5985	4.9251	55	Italy
973	60.2185	24.8605	33.584647	55	Finland
973	60.2185	24.8605	31.307526	55	Finland
973	60.2185	24.8605	30.908934	55	Finland
14961	-22.5725	17.0805	63.412715	58	Namibia
14961	-22.5725	17.0805	62.041725	58	Namibia
14961	-22.5725	17.0805	61.165715	58	Namibia
3528	-33.0285	-60.6415	5.332224	61	Argentina
3528	-33.0285	-60.6415	5.23085	61	Argentina
3528	-33.0285	-60.6415	5.202434	61	Argentina
2793	49.2885	-123.1185	33.83655	56	Canada
2793	49.2885	-123.1185	33.518599	56	Canada
2793	49.2885	-123.1185	33.540103	56	Canada
22129	41.8515	-80.7915	41.111135	43	United States
22129	41.8515	-80.7915	38.815885	43	United States
22129	41.8515	-80.7915	38.948335	43	United States
4969	35.3615	-83.2095	24.692741	44	United States
4969	35.3615	-83.2095	24.400133	44	United States
4969	35.3615	-83.2095	24.086789	44	United States
16689	-23.5485	-46.6385	27.02917	56	Brazil
16689	-23.5485	-46.6385	29.23757	56	Brazil
16689	-23.5485	-46.6385	27.41655	56	Brazil
12505	-12.9805	-38.4625	29.862645	56	Brazil
12505	-12.9805	-38.4625	29.79025	56	Brazil
12505	-12.9805	-38.4625	29.779555	56	Brazil
27421	-31.7225	-55.9915	19.595345	56	Uruguay
27421	-31.7225	-55.9915	19.14768	56	Uruguay
27421	-31.7225	-55.9915	19.27815	56	Uruguay
21729	41.6615	-4.7215	5.95457	54	Spain
21729	41.6615	-4.7215	5.53436	54	Spain
21729	41.6615	-4.7215	5.91301	54	Spain
1393	65.0185	25.4715	17.392131	57	Finland
1393	65.0185	25.4715	14.135812	57	Finland
1393	65.0185	25.4715	14.135811	57	Finland
21273	41.7085	15.7305	46.625985	46	Italy
21273	41.7085	15.7305	46.259855	46	Italy
21273	41.7085	15.7305	48.449705	46	Italy
16193	45.3985	-75.6885	8.03338	57	Canada
16193	45.3985	-75.6885	7.947975	57	Canada
16193	45.3985	-75.6885	7.96118	57	Canada
6132	14.6485	121.0685	151.084288	48	Philippines
6132	14.6485	121.0685	158.707585	48	Philippines
6132	14.6485	121.0685	114.268206	48	Philippines
11009	43.7715	-79.2425	8.40656	54	Canada
11009	43.7715	-79.2425	8.403155	54	Canada
18897	43.0805	-77.6785	16.882355	57	United States
18897	43.0805	-77.6785	11.166565	57	United States
18897	43.0805	-77.6785	11.14924	57	United States
21349	51.0415	13.7295	17.74591	49	Germany
21349	51.0415	13.7295	17.88679	49	Germany
21349	51.0415	13.7295	18.060745	49	Germany
705	59.4395	24.7075	6.591746	58	Estonia
705	59.4395	24.7075	6.456578	58	Estonia
705	59.4395	24.7075	6.46349	58	Estonia
16017	44.8505	24.8675	15.21003	57	Romania
16017	44.8505	24.8675	14.90268	57	Romania
16017	44.8505	24.8675	14.974825	57	Romania
1116	37.7605	-122.4825	15.693315	53	United States
1116	37.7605	-122.4825	11.625219	53	United States
1116	37.7605	-122.4825	10.990851	53	United States
10233	53.2485	6.5285	12.83653	47	Netherlands
10233	53.2485	6.5285	12.834485	47	Netherlands
10233	53.2485	6.5285	12.76889	47	Netherlands
21588	46.0915	11.1215	8.817265	46	Italy
21588	46.0915	11.1215	8.551945	46	Italy
21588	46.0915	11.1215	8.517025	46	Italy
18045	39.9795	32.8895	17.38932	52	Turkey
18045	39.9795	32.8895	16.21857	52	Turkey
18045	39.9795	32.8895	16.16664	52	Turkey
248	48.2115	16.3695	20.369668	47	Austria
248	48.2115	16.3695	20.22298	47	Austria
248	48.2115	16.3695	20.243716	47	Austria
2973	46.9985	6.9305	4.273153	56	Switzerland
2973	46.9985	6.9305	4.151809	56	Switzerland
2973	46.9985	6.9305	4.110337	56	Switzerland
661	49.5675	6.0805	13.496067	49	Luxembourg
661	49.5675	6.0805	13.498371	49	Luxembourg
661	49.5675	6.0805	13.499907	49	Luxembourg
1496	46.3605	6.1415	16.233219	56	France
1496	46.3605	6.1415	15.968259	56	France
1496	46.3605	6.1415	15.909123	56	France
17992	12.0185	-61.7385	51.980135	57	Grenada
17992	12.0185	-61.7385	51.922245	57	Grenada
17992	12.0185	-61.7385	51.98736	57	Grenada
19797	44.3605	-79.6885	13.80936	51	Canada
19797	44.3605	-79.6885	13.58727	51	Canada
19797	44.3605	-79.6885	14.09533	51	Canada
10301	44.9075	-93.3125	28.232795	47	United States
10301	44.9075	-93.3125	27.93484	47	United States
10301	44.9075	-93.3125	29.77728	47	United States
2829	51.0615	-114.1215	43.848968	57	Canada
2829	51.0615	-114.1215	43.120137	57	Canada
2829	51.0615	-114.1215	43.434249	57	Canada
12533	39.1185	-94.4115	29.41194	47	United States
12533	39.1185	-94.4115	28.7651	47	United States
12533	39.1185	-94.4115	28.799685	47	United States
23573	-2.8815	-79.0195	65.56087	51	Ecuador
23573	-2.8815	-79.0195	65.54411	51	Ecuador
23573	-2.8815	-79.0195	65.518195	51	Ecuador
16005	27.9495	-82.4625	26.469345	37	United States
16005	27.9495	-82.4625	25.76956	37	United States
16005	27.9495	-82.4625	26.13559	37	United States
1193	40.7885	-74.1585	5.074945	58	United States
1193	40.7885	-74.1585	5.663233	58	United States
1193	40.7885	-74.1585	5.370625	58	United States
17081	6.9375	79.8415	37.13277	54	Sri Lanka
17081	6.9375	79.8415	37.10603	54	Sri Lanka
17081	6.9375	79.8415	36.63507	54	Sri Lanka
21093	12.8785	121.7715	68.82658	48	Philippines
21093	12.8785	121.7715	62.613735	48	Philippines
21093	12.8785	121.7715	68.174995	48	Philippines
20758	43.0815	-89.4105	28.474795	50	United States
20758	43.0815	-89.4105	28.364315	50	United States
20758	43.0815	-89.4105	28.36165	50	United States
20840	49.9175	-74.3705	58.13082	46	Canada
20840	49.9175	-74.3705	51.225645	46	Canada
20840	49.9175	-74.3705	52.84881	46	Canada
850	50.3575	7.5895	10.599938	47	Germany
850	50.3575	7.5895	10.640642	47	Germany
850	50.3575	7.5895	10.642178	47	Germany
4602	46.7185	-116.9225	29.330694	52	United States
4602	46.7185	-116.9225	29.545734	52	United States
4602	46.7185	-116.9225	28.386054	52	United States
4706	38.6305	-121.3225	38.905352	53	United States
4706	38.6305	-121.3225	21.619205	53	United States
4706	38.6305	-121.3225	18.086404	53	United States
19682	52.1185	10.3815	20.607935	45	Germany
19682	52.1185	10.3815	20.494765	45	Germany
19682	52.1185	10.3815	20.43747	45	Germany
1133	25.6585	-80.4115	13.486851	55	United States
1133	25.6585	-80.4115	13.070594	55	United States
1133	25.6585	-80.4115	13.04525	55	United States
2478	51.2915	9.4705	36.840199	48	Germany
2478	51.2915	9.4705	36.144391	48	Germany
2478	51.2915	9.4705	36.192007	48	Germany
4113	-34.9115	-56.1525	11.800322	57	Uruguay
4113	-34.9115	-56.1525	11.698947	57	Uruguay
4113	-34.9115	-56.1525	11.768835	57	Uruguay
10122	43.0385	17.8285	17.10887	56	Bosnia and Herzegovina
10122	43.0385	17.8285	17.17086	56	Bosnia and Herzegovina
10122	43.0385	17.8285	17.439945	56	Bosnia and Herzegovina
19480	49.4275	1.0815	4.46195	56	France
19480	49.4275	1.0815	3.97495	56	France
19480	49.4275	1.0815	3.861075	56	France
102	52.4485	-1.9325	6.414337	54	United Kingdom
102	52.4485	-1.9325	6.425089	54	United Kingdom
102	52.4485	-1.9325	6.408193	54	United Kingdom
396	43.6105	7.0715	3.886081	59	France
396	43.6105	7.0715	3.889153	59	France
396	43.6105	7.0715	6.642434	59	France
19900	-27.0025	132.9975	0.909285	58	Australia
19900	-27.0025	132.9975	0.82103	58	Australia
19900	-27.0025	132.9975	0.844095	58	Australia
21018	-7.7785	110.3575	29.144875	54	Indonesia
21018	-7.7785	110.3575	29.574035	54	Indonesia
21018	-7.7785	110.3575	29.13368	54	Indonesia
4088	-26.1985	28.0515	3.113472	58	South Africa
4088	-26.1985	28.0515	3.146497	58	South Africa
4088	-26.1985	28.0515	3.105793	58	South Africa
10714	43.6595	-70.2625	29.364615	54	United States
10714	43.6595	-70.2625	29.008445	54	United States
10714	43.6595	-70.2625	29.861925	54	United States
2881	64.1375	-21.8985	42.547209	54	Iceland
2881	64.1375	-21.8985	42.344456	54	Iceland
2881	64.1375	-21.8985	42.32756	54	Iceland
20753	42.2385	-85.3305	14.06979	52	United States
20753	42.2385	-85.3305	14.03945	52	United States
20753	42.2385	-85.3305	14.02585	52	United States
3441	50.0775	14.4695	2.094336	56	Czech Republic
3441	50.0775	14.4695	1.864705	56	Czech Republic
3441	50.0775	14.4695	1.944577	56	Czech Republic
576	62.3405	22.2605	13.52909	55	Finland
576	62.3405	22.2605	13.246467	55	Finland
576	62.3405	22.2605	13.250307	55	Finland
4149	46.8415	29.6395	49.734922	47	Moldova, Republic of
4149	46.8415	29.6395	49.676553	47	Moldova, Republic of
4149	46.8415	29.6395	49.692681	47	Moldova, Republic of
4777	41.8705	12.4805	10.536194	60	Italy
4777	41.8705	12.4805	10.035458	60	Italy
4777	41.8705	12.4805	10.008578	60	Italy
13565	37.9595	-121.2895	19.241165	58	United States
13565	37.9595	-121.2895	0.53171	58	United States
13565	37.9595	-121.2895	0.52069	58	United States
1052	-35.3215	150.4395	48.989193	54	Australia
1052	-35.3215	150.4395	48.753418	54	Australia
1052	-35.3215	150.4395	49.669642	54	Australia
2182	45.7885	24.1415	53.066506	43	Romania
2182	45.7885	24.1415	52.972811	43	Romania
2182	45.7885	24.1415	52.930571	43	Romania
10964	51.3395	12.4005	6.63513	58	Germany
10964	51.3395	12.4005	6.811865	58	Germany
10964	51.3395	12.4005	6.69669	58	Germany
2132	51.5085	-0.0915	2.712576	53	United Kingdom
2132	51.5085	-0.0915	2.420737	53	United Kingdom
2132	51.5085	-0.0915	2.441473	53	United Kingdom
3048	55.9315	-3.4705	16.743939	54	United Kingdom
3048	55.9315	-3.4705	16.638724	54	United Kingdom
3048	55.9315	-3.4705	16.626436	54	United Kingdom
10688	67.3615	26.6315	22.246825	55	Finland
10688	67.3615	26.6315	22.3159	55	Finland
10688	67.3615	26.6315	22.23966	55	Finland
3656	45.5105	-122.6005	13.263363	54	United States
3656	45.5105	-122.6005	12.433923	54	United States
3656	45.5105	-122.6005	12.037635	54	United States
12654	48.0495	37.9295	37.30898	48	Ukraine
12654	48.0495	37.9295	37.16947	48	Ukraine
12654	48.0495	37.9295	37.21087	48	Ukraine
2764	44.4295	26.1005	24.744965	56	Romania
2764	44.4295	26.1005	24.289541	56	Romania
2764	44.4295	26.1005	24.124421	56	Romania
11942	49.2785	7.1095	11.00744	47	Germany
11942	49.2785	7.1095	10.848635	47	Germany
11942	49.2785	7.1095	10.830945	47	Germany
26676	43.2605	76.9305	54.798085	56	Kazakhstan
26676	43.2605	76.9305	54.60821	56	Kazakhstan
26676	43.2605	76.9305	54.537745	56	Kazakhstan
14846	43.2305	-79.8605	3.41563	59	Canada
14846	43.2305	-79.8605	3.07361	59	Canada
14846	43.2305	-79.8605	3.083045	59	Canada
3588	64.7815	-147.3385	84.732689	54	United States
3588	64.7815	-147.3385	84.711953	54	United States
3588	64.7815	-147.3385	83.893265	54	United States
4788	-6.1685	106.8315	18.23386	54	Indonesia
4788	-6.1685	106.8315	15.521283	54	Indonesia
4788	-6.1685	106.8315	20.81434	54	Indonesia
15594	54.1895	9.1015	4.41653	56	Germany
15594	54.1895	9.1015	4.26642	56	Germany
15594	54.1895	9.1015	4.253805	56	Germany
4750	52.1875	4.4195	11.030786	48	Netherlands
4750	52.1875	4.4195	11.364866	48	Netherlands
4750	52.1875	4.4195	10.626051	48	Netherlands
20485	22.2795	114.1515	32.89003	47	Hong Kong
20485	22.2795	114.1515	32.68755	47	Hong Kong
20485	22.2795	114.1515	32.6984	47	Hong Kong
2306	59.9105	10.7475	15.990531	53	Norway
2306	59.9105	10.7475	15.32314	53	Norway
2306	59.9105	10.7475	15.369988	53	Norway
1037	1.2905	103.8585	13.439235	50	Singapore
1037	1.2905	103.8585	11.518466	50	Singapore
1037	1.2905	103.8585	11.430146	50	Singapore
3170	50.9675	5.9805	16.468995	49	Netherlands
3170	50.9675	5.9805	15.598084	49	Netherlands
3170	50.9675	5.9805	15.894532	49	Netherlands
24268	13.7515	100.5205	28.024195	56	Thailand
24268	13.7515	100.5205	28.19582	56	Thailand
24268	13.7515	100.5205	28.51291	56	Thailand
3747	46.0705	18.2295	17.602563	60	Hungary
3747	46.0705	18.2295	4.610306	60	Hungary
3747	46.0705	18.2295	4.605698	60	Hungary
15840	18.5575	73.9095	31.60463	56	India
15840	18.5575	73.9095	5.17748	56	India
15840	18.5575	73.9095	5.273675	56	India
16031	51.5975	-3.4315	15.068715	50	United Kingdom
16031	51.5975	-3.4315	14.53299	50	United Kingdom
16031	51.5975	-3.4315	15.07166	50	United Kingdom
18846	56.0105	92.8595	79.81507	51	Russian Federation
18846	56.0105	92.8595	79.671045	51	Russian Federation
18846	56.0105	92.8595	79.55121	51	Russian Federation
22340	35.1475	128.8295	36.19144	51	Korea, Republic of
22340	35.1475	128.8295	40.215635	51	Korea, Republic of
22340	35.1475	128.8295	34.88498	51	Korea, Republic of
19771	49.0475	14.4305	3.15397	58	Czech Republic
19771	49.0475	14.4305	3.170555	58	Czech Republic
19771	49.0475	14.4305	3.072325	58	Czech Republic
23012	16.4085	120.5975	62.62143	45	Philippines
23012	16.4085	120.5975	62.6786	45	Philippines
23012	16.4085	120.5975	62.096075	45	Philippines
21096	13.1405	123.7315	55.94522	48	Philippines
21096	13.1405	123.7315	57.054915	48	Philippines
21096	13.1405	123.7315	57.30019	48	Philippines
20796	-7.9595	112.6215	30.24103	56	Indonesia
20796	-7.9595	112.6215	30.089385	56	Indonesia
20796	-7.9595	112.6215	30.23121	56	Indonesia
22732	22.3185	91.8085	88.008185	55	Bangladesh
22732	22.3185	91.8085	82.105085	55	Bangladesh
22732	22.3185	91.8085	82.071195	55	Bangladesh
1112	-42.8915	147.2675	28.601862	53	Australia
1112	-42.8915	147.2675	27.939078	53	Australia
1112	-42.8915	147.2675	27.99591	53	Australia
18596	35.1505	126.9215	41.76554	54	Korea, Republic of
18596	35.1505	126.9215	35.201685	54	Korea, Republic of
18596	35.1505	126.9215	35.16069	54	Korea, Republic of
2280	35.8075	139.7215	22.543109	54	Japan
2280	35.8075	139.7215	22.752004	54	Japan
2280	35.8075	139.7215	23.036932	54	Japan
26653	43.8485	18.3995	36.69783	48	Bosnia and Herzegovina
26653	43.8485	18.3995	36.594565	48	Bosnia and Herzegovina
26653	43.8485	18.3995	36.59452	48	Bosnia and Herzegovina
13663	-30.0315	-51.2295	16.51117	56	Brazil
13663	-30.0315	-51.2295	16.43197	56	Brazil
13663	-30.0315	-51.2295	16.45368	56	Brazil
19773	53.9085	14.2505	32.07352	48	Poland
19773	53.9085	14.2505	32.04936	48	Poland
19773	53.9085	14.2505	32.047025	48	Poland
24845	29.5895	52.5795	120.75721	45	Iran, Islamic Republic of
24845	29.5895	52.5795	121.283885	45	Iran, Islamic Republic of
24845	29.5895	52.5795	133.94847	45	Iran, Islamic Republic of
11383	14.7585	-17.3685	67.325175	43	Senegal
11383	14.7585	-17.3685	66.33571	43	Senegal
11383	14.7585	-17.3685	66.9504	43	Senegal
1387	47.3705	18.9315	7.694593	56	Hungary
1387	47.3705	18.9315	6.457346	56	Hungary
1387	47.3705	18.9315	6.543362	56	Hungary
11695	47.5295	21.6315	12.773255	57	Hungary
11695	47.5295	21.6315	11.390945	57	Hungary
11695	47.5295	21.6315	14.92751	57	Hungary
659	41.3915	2.1595	13.920003	57	Spain
659	41.3915	2.1595	13.062147	57	Spain
659	41.3915	2.1595	12.816387	57	Spain
2051	46.5475	11.7695	10.792706	58	Italy
2051	46.5475	11.7695	10.680578	58	Italy
2051	46.5475	11.7695	10.67213	58	Italy
4360	41.7375	22.2005	67.913485	57	Macedonia, Republic of
4360	41.7375	22.2005	40.324616	57	Macedonia, Republic of
4360	41.7375	22.2005	18.023428	57	Macedonia, Republic of
1119	47.1115	-121.6025	11.721218	55	United States
1119	47.1115	-121.6025	12.820227	55	United States
1119	47.1115	-121.6025	16.043524	55	United States
2664	45.9995	25.0005	38.772487	53	Romania
2664	45.9995	25.0005	38.625032	53	Romania
2664	45.9995	25.0005	39.287816	53	Romania
10400	28.7775	-81.7225	30.525535	54	United States
10400	28.7775	-81.7225	31.632075	54	United States
10400	28.7775	-81.7225	32.884785	54	United States
16989	46.6715	-1.3785	19.159785	53	France
16989	46.6715	-1.3785	18.943005	53	France
16989	46.6715	-1.3785	18.98978	53	France
3646	44.0405	-123.0805	17.070339	55	United States
3646	44.0405	-123.0805	7.44269	55	United States
3646	44.0405	-123.0805	7.435778	55	United States
3033	45.5185	11.3385	7.68461	57	Italy
3033	45.5185	11.3385	7.599362	57	Italy
3033	45.5185	11.3385	7.283714	57	Italy
10311	30.4075	-91.1925	27.97914	54	United States
10311	30.4075	-91.1925	27.900205	54	United States
10311	30.4075	-91.1925	27.88921	54	United States
4851	47.6075	-122.3005	11.450883	55	United States
4851	47.6075	-122.3005	11.61677	55	United States
4851	47.6075	-122.3005	9.895682	55	United States
12927	-33.4495	-70.6715	17.13032	57	Chile
12927	-33.4495	-70.6715	22.43359	57	Chile
12927	-33.4495	-70.6715	19.82357	57	Chile
2405	52.5895	19.0875	34.564615	44	Poland
2405	52.5895	19.0875	34.345735	44	Poland
2405	52.5895	19.0875	33.826567	44	Poland
1042	4.1785	73.5095	59.51694	56	Maldives
1042	4.1785	73.5095	59.21358	56	Maldives
1042	4.1785	73.5095	60.171276	56	Maldives
16960	-17.8225	31.0505	47.426455	51	Zimbabwe
16960	-17.8225	31.0505	34.754555	51	Zimbabwe
16960	-17.8225	31.0505	44.2874	51	Zimbabwe
13051	3.0375	101.7095	15.97173	57	Malaysia
13051	3.0375	101.7095	5.925225	57	Malaysia
13051	3.0375	101.7095	5.76541	57	Malaysia
18731	6.9975	80.9985	47.92322	52	Sri Lanka
18731	6.9975	80.9985	47.65806	52	Sri Lanka
18731	6.9975	80.9985	47.76104	52	Sri Lanka
1031	-33.8025	151.2685	16.80922	53	Australia
1031	-33.8025	151.2685	9.05549	53	Australia
1031	-33.8025	151.2685	10.040834	53	Australia
1070	10.7975	106.6505	21.79738	53	Viet Nam
1070	10.7975	106.6505	21.788164	53	Viet Nam
1070	10.7975	106.6505	21.806596	53	Viet Nam
21015	-46.0505	170.2175	72.47213	54	New Zealand
21015	-46.0505	170.2175	48.260645	54	New Zealand
21015	-46.0505	170.2175	41.079055	54	New Zealand
3666	40.7805	-77.8495	36.721159	43	United States
3666	40.7805	-77.8495	37.440776	43	United States
3666	40.7805	-77.8495	40.501256	43	United States
6097	42.7105	-84.6685	16.607784	50	United States
6097	42.7105	-84.6685	16.531244	50	United States
6097	42.7105	-84.6685	16.523305	50	United States
20767	59.6205	16.5605	6.83572	53	Sweden
20767	59.6205	16.5605	6.677695	53	Sweden
20767	59.6205	16.5605	6.65219	53	Sweden
4018	-34.9085	-57.9425	3.048961	59	Argentina
4018	-34.9085	-57.9425	2.621952	59	Argentina
4018	-34.9085	-57.9425	2.735616	59	Argentina
17543	47.7985	-3.4405	37.061875	54	France
17543	47.7985	-3.4405	35.75813	54	France
17543	47.7985	-3.4405	36.005175	54	France
243	-34.6015	-58.3805	29.179397	55	Argentina
243	-34.6015	-58.3805	20.097796	55	Argentina
243	-34.6015	-58.3805	16.101123	55	Argentina
6164	44.1195	27.2605	8.877062	58	Bulgaria
6164	44.1195	27.2605	8.751533	58	Bulgaria
6164	44.1195	27.2605	8.843611	58	Bulgaria
2823	-37.8715	145.0185	24.817156	53	Australia
2823	-37.8715	145.0185	24.782597	53	Australia
2823	-37.8715	145.0185	21.725957	53	Australia
6120	46.6175	14.3185	26.035831	48	Austria
6120	46.6175	14.3185	26.255411	48	Austria
6120	46.6175	14.3185	26.130521	48	Austria
832	42.4585	14.2285	41.34068	59	Italy
832	42.4585	14.2285	41.516552	59	Italy
832	42.4585	14.2285	41.043464	59	Italy
6162	-22.2815	166.4605	23.233595	56	New Caledonia
6162	-22.2815	166.4605	23.045697	56	New Caledonia
6162	-22.2815	166.4605	23.035641	56	New Caledonia
13006	47.4805	8.6775	19.111205	57	Switzerland
13006	47.4805	8.6775	13.27991	57	Switzerland
13006	47.4805	8.6775	12.710715	57	Switzerland
23188	46.5615	15.6515	12.965815	55	Slovenia
23188	46.5615	15.6515	12.87697	55	Slovenia
23188	46.5615	15.6515	12.9314	55	Slovenia
13028	69.6415	18.9485	27.1764	57	Norway
13028	69.6415	18.9485	27.008525	57	Norway
13028	69.6415	18.9485	27.006085	57	Norway
24406	-4.4395	15.2675	148.972335	54	Congo, The Democratic Republic of the
24406	-4.4395	15.2675	148.698705	54	Congo, The Democratic Republic of the
24406	-4.4395	15.2675	148.74889	54	Congo, The Democratic Republic of the
6107	19.0205	72.8275	1.149445	57	India
6107	19.0205	72.8275	1.896391	57	India
6107	19.0205	72.8275	0.966996	57	India
6055	-27.4705	153.0295	17.439562	59	Australia
6055	-27.4705	153.0295	17.492834	59	Australia
6055	-27.4705	153.0295	17.493709	59	Australia
19922	42.6685	11.0985	16.34338	57	Italy
19922	42.6685	11.0985	19.30152	57	Italy
19922	42.6685	11.0985	15.950005	57	Italy
1351	53.3275	-6.2505	22.113029	56	Ireland
1351	53.3275	-6.2505	17.65018	56	Ireland
1351	53.3275	-6.2505	17.676292	56	Ireland
17595	36.9695	-121.9885	5.2652	53	United States
17595	36.9695	-121.9885	5.83263	53	United States
17595	36.9695	-121.9885	4.891795	53	United States
23024	48.4995	135.0685	115.640445	47	Russian Federation
23024	48.4995	135.0685	115.612215	47	Russian Federation
23024	48.4995	135.0685	115.563665	47	Russian Federation
19219	56.1415	40.3975	32.860375	47	Russian Federation
19219	56.1415	40.3975	32.54094	47	Russian Federation
19219	56.1415	40.3975	32.60532	47	Russian Federation
13164	33.8695	35.5105	75.731195	54	Lebanon
13164	33.8695	35.5105	74.392135	54	Lebanon
13164	33.8695	35.5105	74.715765	54	Lebanon
17011	28.8875	76.5775	37.257995	59	India
17011	28.8875	76.5775	37.605725	59	India
17011	28.8875	76.5775	38.906685	59	India
3904	51.7595	36.1875	22.579972	48	Russian Federation
3904	51.7595	36.1875	22.414853	48	Russian Federation
3904	51.7595	36.1875	22.487045	48	Russian Federation
23984	38.6395	-90.2485	23.36815	44	United States
23984	38.6395	-90.2485	22.077185	44	United States
23984	38.6395	-90.2485	22.1751	44	United States
2108	49.4815	8.4375	58.712844	49	Germany
2108	49.4815	8.4375	58.304268	49	Germany
2108	49.4815	8.4375	59.102988	49	Germany
20759	40.5915	-112.1005	23.539175	55	United States
20759	40.5915	-112.1005	23.28979	55	United States
20759	40.5915	-112.1005	25.985205	55	United States
16716	53.7305	-7.8025	15.721305	60	Ireland
16716	53.7305	-7.8025	3.306575	60	Ireland
16716	53.7305	-7.8025	3.2874	60	Ireland
19592	-18.9115	47.5315	218.895095	47	Madagascar
19592	-18.9115	47.5315	218.695355	47	Madagascar
19592	-18.9115	47.5315	218.47806	47	Madagascar
18148	18.0015	-76.8005	32.36404	55	Jamaica
18148	18.0015	-76.8005	32.30983	55	Jamaica
18148	18.0015	-76.8005	32.24815	55	Jamaica
3245	46.2495	20.1495	17.830659	60	Hungary
3245	46.2495	20.1495	4.96205	60	Hungary
3245	46.2495	20.1495	4.948225	60	Hungary
19921	55.7875	49.1485	13.35209	57	Russian Federation
19921	55.7875	49.1485	13.078275	57	Russian Federation
19921	55.7875	49.1485	13.10956	57	Russian Federation
18369	4.8815	114.9305	61.88666	48	Brunei Darussalam
18369	4.8815	114.9305	61.827365	48	Brunei Darussalam
18369	4.8815	114.9305	61.827565	48	Brunei Darussalam
24706	39.4705	-118.7825	18.36296	54	United States
24706	39.4705	-118.7825	18.049505	54	United States
24706	39.4705	-118.7825	18.062515	54	United States
21566	53.5405	49.2705	21.12357	56	Russian Federation
21566	53.5405	49.2705	20.733925	56	Russian Federation
21566	53.5405	49.2705	20.661895	56	Russian Federation
14833	31.0485	121.3985	184.224425	45	China
22496	58.3805	26.7215	39.912645	45	Estonia
22496	58.3805	26.7215	39.835205	45	Estonia
22496	58.3805	26.7215	39.812535	45	Estonia
18024	49.8395	24.0285	55.77509	49	Ukraine
18024	49.8395	24.0285	55.68347	49	Ukraine
18024	49.8395	24.0285	55.674345	49	Ukraine
17476	60.2705	5.2405	15.2697	51	Norway
17476	60.2705	5.2405	15.21759	51	Norway
17476	60.2705	5.2405	15.20898	51	Norway
628	54.3315	48.3585	16.476676	58	Russian Federation
628	54.3315	48.3585	16.5289	58	Russian Federation
628	54.3315	48.3585	17.102596	58	Russian Federation
16860	36.8075	54.4605	186.95427	47	Iran, Islamic Republic of
16860	36.8075	54.4605	207.6891	47	Iran, Islamic Republic of
16860	36.8075	54.4605	185.03002	47	Iran, Islamic Republic of
18169	-33.3085	26.5205	34.155215	52	South Africa
18169	-33.3085	26.5205	31.052165	52	South Africa
18169	-33.3085	26.5205	32.756335	52	South Africa
20381	69.3375	88.2215	553.97807	58	Russian Federation
20381	69.3375	88.2215	565.07042	58	Russian Federation
20381	69.3375	88.2215	566.543125	58	Russian Federation
17936	-32.8995	-68.8515	22.046575	53	Argentina
17936	-32.8995	-68.8515	28.24989	53	Argentina
17936	-32.8995	-68.8515	30.830625	53	Argentina
2242	53.1785	50.1195	14.580483	58	Russian Federation
2242	53.1785	50.1195	14.603523	58	Russian Federation
2242	53.1785	50.1195	14.676483	58	Russian Federation
15680	53.2175	63.6215	52.44023	58	Kazakhstan
15680	53.2175	63.6215	52.15892	58	Kazakhstan
15680	53.2175	63.6215	52.17055	58	Kazakhstan
1002	-32.7215	151.5275	22.705157	56	Australia
1002	-32.7215	151.5275	21.79354	56	Australia
1002	-32.7215	151.5275	21.876484	56	Australia
20404	12.3695	-1.5225	114.47304	52	Burkina Faso
20404	12.3695	-1.5225	114.13654	52	Burkina Faso
20404	12.3695	-1.5225	114.872135	52	Burkina Faso
13221	-34.0525	18.4485	407.048885	57	South Africa
13221	-34.0525	18.4485	133.313895	57	South Africa
13221	-34.0525	18.4485	937.84646	57	South Africa
