#hostname	latitude	longitude	rtt[ms]	ttl	country
#ripeID measurement:	3672317
6047	52.8405	-6.9305	3.647304	59	Ireland
6047	52.8405	-6.9305	3.653529	59	Ireland
6047	52.8405	-6.9305	3.646969	59	Ireland
850	50.3575	7.5895	9.954818	47	Germany
850	50.3575	7.5895	9.970946	47	Germany
850	50.3575	7.5895	10.00781	47	Germany
19592	-18.9115	47.5315	219.714415	47	Madagascar
19592	-18.9115	47.5315	218.58515	47	Madagascar
19592	-18.9115	47.5315	218.510005	47	Madagascar
4777	41.8705	12.4805	9.952514	60	Italy
4777	41.8705	12.4805	9.964034	60	Italy
4777	41.8705	12.4805	9.975554	60	Italy
6055	-27.4705	153.0295	17.403341	59	Australia
6055	-27.4705	153.0295	17.321138	59	Australia
6055	-27.4705	153.0295	17.37844	59	Australia
6029	50.5815	3.1385	5.162706	55	France
6029	50.5815	3.1385	5.098009	55	France
6029	50.5815	3.1385	5.118292	55	France
13663	-30.0315	-51.2295	16.57997	56	Brazil
13663	-30.0315	-51.2295	16.428775	56	Brazil
13663	-30.0315	-51.2295	16.446825	56	Brazil
3579	29.7315	-95.3595	26.347781	53	United States
3579	29.7315	-95.3595	21.829637	53	United States
3579	29.7315	-95.3595	21.748229	53	United States
12605	49.9895	36.2175	55.478145	48	Ukraine
12605	49.9895	36.2175	55.38856	48	Ukraine
12605	49.9895	36.2175	55.338145	48	Ukraine
6132	14.6485	121.0685	100.951024	48	Philippines
6132	14.6485	121.0685	85.117037	48	Philippines
6132	14.6485	121.0685	78.421396	48	Philippines
