#hostname	latitude	longitude	rtt[ms]	ttl	country
#ripeID measurement:	3672256
19592	-18.9115	47.5315	219.138315	47	Madagascar
19592	-18.9115	47.5315	218.69	47	Madagascar
19592	-18.9115	47.5315	218.602745	47	Madagascar
3579	29.7315	-95.3595	25.169669	53	United States
3579	29.7315	-95.3595	20.302852	53	United States
3579	29.7315	-95.3595	25.65735	53	United States
13663	-30.0315	-51.2295	16.46007	56	Brazil
13663	-30.0315	-51.2295	16.44439	56	Brazil
13663	-30.0315	-51.2295	16.41159	56	Brazil
12605	49.9895	36.2175	55.45706	48	Ukraine
12605	49.9895	36.2175	55.393195	48	Ukraine
12605	49.9895	36.2175	55.469695	48	Ukraine
4777	41.8705	12.4805	9.93869	60	Italy
4777	41.8705	12.4805	9.957122	60	Italy
4777	41.8705	12.4805	9.947905	60	Italy
6055	-27.4705	153.0295	17.410356	59	Australia
6055	-27.4705	153.0295	17.572336	59	Australia
6055	-27.4705	153.0295	17.626697	59	Australia
850	50.3575	7.5895	9.660674	47	Germany
850	50.3575	7.5895	9.735938	47	Germany
850	50.3575	7.5895	9.749762	47	Germany
6029	50.5815	3.1385	5.151885	55	France
6029	50.5815	3.1385	5.119178	55	France
6029	50.5815	3.1385	5.139926	55	France
6047	52.8405	-6.9305	3.886932	59	Ireland
6047	52.8405	-6.9305	3.719577	59	Ireland
6047	52.8405	-6.9305	3.681843	59	Ireland
6132	14.6485	121.0685	132.198846	48	Philippines
6132	14.6485	121.0685	134.568067	48	Philippines
6132	14.6485	121.0685	144.431684	48	Philippines
