#hostname	latitude	longitude	rtt[ms]	ttl	country
#ripeID measurement:	3677957
12605	49.9895	36.2175	55.54364	48	Ukraine
12605	49.9895	36.2175	55.443725	48	Ukraine
12605	49.9895	36.2175	55.433495	48	Ukraine
850	50.3575	7.5895	9.935618	47	Germany
850	50.3575	7.5895	9.975554	47	Germany
850	50.3575	7.5895	9.993986	47	Germany
6055	-27.4705	153.0295	17.403857	59	Australia
6055	-27.4705	153.0295	17.498984	59	Australia
6055	-27.4705	153.0295	17.467274	59	Australia
3579	29.7315	-95.3595	29.955846	53	United States
3579	29.7315	-95.3595	26.900742	53	United States
3579	29.7315	-95.3595	22.507013	53	United States
13663	-30.0315	-51.2295	16.200105	56	Brazil
13663	-30.0315	-51.2295	16.052345	56	Brazil
13663	-30.0315	-51.2295	16.08053	56	Brazil
6047	52.8405	-6.9305	3.678722	59	Ireland
6047	52.8405	-6.9305	3.62326	59	Ireland
6047	52.8405	-6.9305	3.613505	59	Ireland
6029	50.5815	3.1385	5.14413	55	France
6029	50.5815	3.1385	5.124067	55	France
6029	50.5815	3.1385	5.104323	55	France
19592	-18.9115	47.5315	232.135975	46	Madagascar
19592	-18.9115	47.5315	231.40585	46	Madagascar
19592	-18.9115	47.5315	231.33515	46	Madagascar
4777	41.8705	12.4805	9.970178	60	Italy
4777	41.8705	12.4805	9.931778	60	Italy
4777	41.8705	12.4805	9.94253	60	Italy
6132	14.6485	121.0685	99.669523	48	Philippines
6132	14.6485	121.0685	93.465271	48	Philippines
6132	14.6485	121.0685	128.852682	48	Philippines
