#hostname	latitude	longitude	rtt[ms]	ttl	country
#ripeID measurement:	3678998
6047	52.8405	-6.9305	3.678182	59	Ireland
6047	52.8405	-6.9305	3.635134	59	Ireland
6047	52.8405	-6.9305	3.59151	59	Ireland
6029	50.5815	3.1385	5.124382	55	France
6029	50.5815	3.1385	5.045595	55	France
6029	50.5815	3.1385	5.050741	55	France
4777	41.8705	12.4805	10.80269	60	Italy
4777	41.8705	12.4805	10.599938	60	Italy
4777	41.8705	12.4805	10.674434	60	Italy
850	50.3575	7.5895	10.10381	47	Germany
850	50.3575	7.5895	9.990914	47	Germany
850	50.3575	7.5895	10.074626	47	Germany
13663	-30.0315	-51.2295	16.273705	56	Brazil
13663	-30.0315	-51.2295	17.49265	56	Brazil
13663	-30.0315	-51.2295	16.17117	56	Brazil
12605	49.9895	36.2175	55.25337	48	Ukraine
12605	49.9895	36.2175	54.994395	48	Ukraine
12605	49.9895	36.2175	55.09562	48	Ukraine
6132	14.6485	121.0685	75.280079	48	Philippines
6132	14.6485	121.0685	83.981401	48	Philippines
6132	14.6485	121.0685	73.975338	48	Philippines
19592	-18.9115	47.5315	230.749905	46	Madagascar
19592	-18.9115	47.5315	230.157445	46	Madagascar
19592	-18.9115	47.5315	230.08425	46	Madagascar
6055	-27.4705	153.0295	17.393941	59	Australia
6055	-27.4705	153.0295	17.414557	59	Australia
6055	-27.4705	153.0295	17.443632	59	Australia
3579	29.7315	-95.3595	32.785159	53	United States
3579	29.7315	-95.3595	26.868486	53	United States
3579	29.7315	-95.3595	34.847239	53	United States
