#hostname	latitude	longitude	rtt[ms]	ttl	country
#ripeID measurement:	3678026
850	50.3575	7.5895	10.060034	47	Germany
850	50.3575	7.5895	10.066946	47	Germany
850	50.3575	7.5895	10.20749	47	Germany
19592	-18.9115	47.5315	232.35742	46	Madagascar
19592	-18.9115	47.5315	231.657045	46	Madagascar
19592	-18.9115	47.5315	233.47267	46	Madagascar
4777	41.8705	12.4805	9.862658	60	Italy
4777	41.8705	12.4805	9.93869	60	Italy
4777	41.8705	12.4805	9.999362	60	Italy
6029	50.5815	3.1385	5.197714	55	France
6029	50.5815	3.1385	5.113388	55	France
6029	50.5815	3.1385	5.118213	55	France
12605	49.9895	36.2175	55.56481	48	Ukraine
12605	49.9895	36.2175	55.5481	48	Ukraine
12605	49.9895	36.2175	55.51629	48	Ukraine
6055	-27.4705	153.0295	17.398085	59	Australia
6055	-27.4705	153.0295	17.388206	59	Australia
6055	-27.4705	153.0295	17.34252	59	Australia
3579	29.7315	-95.3595	22.501637	53	United States
3579	29.7315	-95.3595	21.474052	53	United States
3579	29.7315	-95.3595	25.324806	53	United States
6047	52.8405	-6.9305	3.681672	59	Ireland
6047	52.8405	-6.9305	3.656893	59	Ireland
6047	52.8405	-6.9305	3.638539	59	Ireland
13663	-30.0315	-51.2295	16.128435	56	Brazil
13663	-30.0315	-51.2295	16.072135	56	Brazil
13663	-30.0315	-51.2295	16.115285	56	Brazil
6132	14.6485	121.0685	67.475724	48	Philippines
6132	14.6485	121.0685	68.536691	48	Philippines
6132	14.6485	121.0685	67.220453	48	Philippines
