#hostname	latitude	longitude	rtt[ms]	ttl	country
#ripeID measurement:	3678991
6047	52.8405	-6.9305	3.657828	59	Ireland
6047	52.8405	-6.9305	3.637584	59	Ireland
6047	52.8405	-6.9305	3.640659	59	Ireland
19592	-18.9115	47.5315	230.41625	47	Madagascar
19592	-18.9115	47.5315	230.066315	47	Madagascar
19592	-18.9115	47.5315	229.90706	47	Madagascar
850	50.3575	7.5895	16.940547	47	Germany
850	50.3575	7.5895	9.960962	47	Germany
850	50.3575	7.5895	9.944066	47	Germany
6055	-27.4705	153.0295	17.3777	59	Australia
6055	-27.4705	153.0295	17.344185	59	Australia
6055	-27.4705	153.0295	17.365391	59	Australia
3579	29.7315	-95.3595	22.195204	53	United States
3579	29.7315	-95.3595	22.588421	53	United States
3579	29.7315	-95.3595	37.592072	53	United States
12605	49.9895	36.2175	55.63449	48	Ukraine
12605	49.9895	36.2175	55.60468	48	Ukraine
12605	49.9895	36.2175	55.529165	48	Ukraine
4777	41.8705	12.4805	44.216841	52	Italy
4777	41.8705	12.4805	44.098569	52	Italy
4777	41.8705	12.4805	44.143113	52	Italy
6132	14.6485	121.0685	60.822599	48	Philippines
6132	14.6485	121.0685	66.54875	48	Philippines
6132	14.6485	121.0685	61.431298	48	Philippines
13663	-30.0315	-51.2295	16.265	56	Brazil
13663	-30.0315	-51.2295	16.166085	56	Brazil
13663	-30.0315	-51.2295	16.1725	56	Brazil
6029	50.5815	3.1385	5.153086	55	France
6029	50.5815	3.1385	5.096268	55	France
6029	50.5815	3.1385	5.064285	55	France
