#hostname	latitude	longitude	rtt[ms]	ttl	country
#ripeID measurement:	3678025
6047	52.8405	-6.9305	3.663653	59	Ireland
6047	52.8405	-6.9305	3.627444	59	Ireland
6047	52.8405	-6.9305	3.638049	59	Ireland
3579	29.7315	-95.3595	21.341956	53	United States
3579	29.7315	-95.3595	22.003972	53	United States
3579	29.7315	-95.3595	21.72826	53	United States
850	50.3575	7.5895	10.070786	47	Germany
850	50.3575	7.5895	10.04621	47	Germany
850	50.3575	7.5895	10.04621	47	Germany
6055	-27.4705	153.0295	17.427492	59	Australia
6055	-27.4705	153.0295	17.431022	59	Australia
6055	-27.4705	153.0295	17.418983	59	Australia
6132	14.6485	121.0685	67.781391	48	Philippines
6132	14.6485	121.0685	67.422326	48	Philippines
6132	14.6485	121.0685	67.175753	48	Philippines
12605	49.9895	36.2175	55.58067	48	Ukraine
12605	49.9895	36.2175	55.52515	48	Ukraine
12605	49.9895	36.2175	55.51222	48	Ukraine
6029	50.5815	3.1385	5.848251	55	France
6029	50.5815	3.1385	5.443215	55	France
6029	50.5815	3.1385	5.30347	55	France
19592	-18.9115	47.5315	232.36291	46	Madagascar
19592	-18.9115	47.5315	233.98403	46	Madagascar
19592	-18.9115	47.5315	231.481165	46	Madagascar
4777	41.8705	12.4805	9.84653	60	Italy
4777	41.8705	12.4805	9.957122	60	Italy
4777	41.8705	12.4805	9.997826	60	Italy
13663	-30.0315	-51.2295	16.15251	56	Brazil
13663	-30.0315	-51.2295	16.066575	56	Brazil
13663	-30.0315	-51.2295	16.08206	56	Brazil
