#hostname	latitude	longitude	rtt[ms]	ttl	country
#ripeID measurement:	3678014
6047	52.8405	-6.9305	3.650458	59	Ireland
6047	52.8405	-6.9305	3.626274	59	Ireland
6047	52.8405	-6.9305	3.648974	59	Ireland
6029	50.5815	3.1385	5.136956	55	France
6029	50.5815	3.1385	5.096493	55	France
6029	50.5815	3.1385	5.101493	55	France
850	50.3575	7.5895	11.463938	47	Germany
850	50.3575	7.5895	10.085378	47	Germany
850	50.3575	7.5895	10.06157	47	Germany
3579	29.7315	-95.3595	25.522181	53	United States
3579	29.7315	-95.3595	26.707205	53	United States
3579	29.7315	-95.3595	19.699203	53	United States
13663	-30.0315	-51.2295	16.227795	56	Brazil
13663	-30.0315	-51.2295	16.15071	56	Brazil
13663	-30.0315	-51.2295	16.095415	56	Brazil
12605	49.9895	36.2175	55.618735	48	Ukraine
12605	49.9895	36.2175	55.52166	48	Ukraine
12605	49.9895	36.2175	55.509515	48	Ukraine
6132	14.6485	121.0685	73.40999	48	Philippines
6132	14.6485	121.0685	67.259739	48	Philippines
6132	14.6485	121.0685	77.155265	48	Philippines
19592	-18.9115	47.5315	231.67808	46	Madagascar
19592	-18.9115	47.5315	231.63294	46	Madagascar
19592	-18.9115	47.5315	231.416285	46	Madagascar
4777	41.8705	12.4805	9.944834	60	Italy
4777	41.8705	12.4805	10.086914	60	Italy
4777	41.8705	12.4805	9.947138	60	Italy
6055	-27.4705	153.0295	17.416222	59	Australia
6055	-27.4705	153.0295	17.314384	59	Australia
6055	-27.4705	153.0295	17.328129	59	Australia
