#hostname	latitude	longitude	rtt[ms]	ttl	country
#ripeID measurement:	3679589
4777	41.8705	12.4805	9.886466	60	Italy
4777	41.8705	12.4805	9.963266	60	Italy
4777	41.8705	12.4805	9.93101	60	Italy
850	50.3575	7.5895	10.150658	49	Germany
850	50.3575	7.5895	10.16141	49	Germany
850	50.3575	7.5895	10.02317	49	Germany
6047	52.8405	-6.9305	3.647703	59	Ireland
6047	52.8405	-6.9305	3.639754	59	Ireland
6047	52.8405	-6.9305	3.641144	59	Ireland
6132	14.6485	121.0685	54.240314	48	Philippines
6132	14.6485	121.0685	54.26992	48	Philippines
6132	14.6485	121.0685	58.98123	48	Philippines
6029	50.5815	3.1385	5.175585	55	France
6029	50.5815	3.1385	5.142881	55	France
6029	50.5815	3.1385	5.092678	55	France
12605	49.9895	36.2175	54.70292	50	Ukraine
12605	49.9895	36.2175	54.59751	50	Ukraine
12605	49.9895	36.2175	54.55063	50	Ukraine
6055	-27.4705	153.0295	17.606688	59	Australia
6055	-27.4705	153.0295	17.409141	59	Australia
6055	-27.4705	153.0295	17.35293	59	Australia
19592	-18.9115	47.5315	232.66282	47	Madagascar
19592	-18.9115	47.5315	230.343425	47	Madagascar
19592	-18.9115	47.5315	229.830295	47	Madagascar
3579	29.7315	-95.3595	20.970245	53	United States
3579	29.7315	-95.3595	28.888326	53	United States
3579	29.7315	-95.3595	23.992325	53	United States
