#hostname	latitude	longitude	rtt[ms]	ttl	country
#ripeID measurement:	3679053
6047	52.8405	-6.9305	3.700111	59	Ireland
6047	52.8405	-6.9305	3.582836	59	Ireland
6047	52.8405	-6.9305	3.583241	59	Ireland
4777	41.8705	12.4805	9.79661	60	Italy
4777	41.8705	12.4805	9.966338	60	Italy
4777	41.8705	12.4805	9.91949	60	Italy
13663	-30.0315	-51.2295	16.21687	56	Brazil
13663	-30.0315	-51.2295	16.1556	56	Brazil
13663	-30.0315	-51.2295	16.17139	56	Brazil
6132	14.6485	121.0685	56.203811	48	Philippines
6132	14.6485	121.0685	54.929403	48	Philippines
6132	14.6485	121.0685	65.159842	48	Philippines
6055	-27.4705	153.0295	17.418896	59	Australia
6055	-27.4705	153.0295	17.344695	59	Australia
6055	-27.4705	153.0295	17.333084	59	Australia
19592	-18.9115	47.5315	230.481395	47	Madagascar
19592	-18.9115	47.5315	230.212425	47	Madagascar
19592	-18.9115	47.5315	663.15968	47	Madagascar
850	50.3575	7.5895	10.043138	47	Germany
850	50.3575	7.5895	9.979394	47	Germany
850	50.3575	7.5895	10.01549	47	Germany
3579	29.7315	-95.3595	22.636037	53	United States
3579	29.7315	-95.3595	22.943237	53	United States
3579	29.7315	-95.3595	22.195973	53	United States
12605	49.9895	36.2175	55.10382	48	Ukraine
12605	49.9895	36.2175	55.077525	48	Ukraine
12605	49.9895	36.2175	55.027145	48	Ukraine
6029	50.5815	3.1385	5.124662	55	France
6029	50.5815	3.1385	5.081979	55	France
6029	50.5815	3.1385	5.092209	55	France
