#hostname	latitude	longitude	rtt[ms]	ttl	country
#ripeID measurement:	3679001
12605	49.9895	36.2175	55.08652	48	Ukraine
12605	49.9895	36.2175	55.058315	48	Ukraine
12605	49.9895	36.2175	55.027725	48	Ukraine
6029	50.5815	3.1385	5.114798	55	France
6029	50.5815	3.1385	5.113403	55	France
6029	50.5815	3.1385	5.118272	55	France
19592	-18.9115	47.5315	231.141925	46	Madagascar
19592	-18.9115	47.5315	230.187115	46	Madagascar
19592	-18.9115	47.5315	230.246805	46	Madagascar
4777	41.8705	12.4805	10.755074	60	Italy
4777	41.8705	12.4805	9.93869	60	Italy
4777	41.8705	12.4805	10.041602	60	Italy
850	50.3575	7.5895	9.956354	47	Germany
850	50.3575	7.5895	10.002434	47	Germany
850	50.3575	7.5895	10.017026	47	Germany
6047	52.8405	-6.9305	3.669038	59	Ireland
6047	52.8405	-6.9305	3.61602	59	Ireland
6047	52.8405	-6.9305	3.62268	59	Ireland
6132	14.6485	121.0685	65.937706	48	Philippines
6132	14.6485	121.0685	72.963473	48	Philippines
6132	14.6485	121.0685	67.288478	48	Philippines
6055	-27.4705	153.0295	17.356521	59	Australia
6055	-27.4705	153.0295	17.412357	59	Australia
6055	-27.4705	153.0295	17.405982	59	Australia
3579	29.7315	-95.3595	20.200708	53	United States
3579	29.7315	-95.3595	20.244484	53	United States
3579	29.7315	-95.3595	28.536583	53	United States
13663	-30.0315	-51.2295	16.213045	56	Brazil
13663	-30.0315	-51.2295	16.162865	56	Brazil
