#hostname	latitude	longitude	rtt[ms]	ttl	country
#ripeID measurement:	3679334
4777	41.8705	12.4805	9.920258	60	Italy
4777	41.8705	12.4805	10.443266	60	Italy
4777	41.8705	12.4805	9.939458	60	Italy
850	50.3575	7.5895	10.106882	47	Germany
850	50.3575	7.5895	9.994754	47	Germany
850	50.3575	7.5895	10.033922	47	Germany
19592	-18.9115	47.5315	230.905135	46	Madagascar
19592	-18.9115	47.5315	230.12405	46	Madagascar
19592	-18.9115	47.5315	230.10931	46	Madagascar
3579	29.7315	-95.3595	19.922692	53	United States
3579	29.7315	-95.3595	23.225093	53	United States
3579	29.7315	-95.3595	25.917702	53	United States
12605	49.9895	36.2175	54.6643	50	Ukraine
12605	49.9895	36.2175	54.54303	50	Ukraine
12605	49.9895	36.2175	54.557975	50	Ukraine
6029	50.5815	3.1385	5.154426	55	France
6029	50.5815	3.1385	5.089939	55	France
6029	50.5815	3.1385	5.098034	55	France
6132	14.6485	121.0685	68.320223	48	Philippines
6132	14.6485	121.0685	70.080963	48	Philippines
6132	14.6485	121.0685	53.815144	48	Philippines
6047	52.8405	-6.9305	3.684682	59	Ireland
6047	52.8405	-6.9305	3.646044	59	Ireland
6047	52.8405	-6.9305	3.639705	59	Ireland
6055	-27.4705	153.0295	17.409677	59	Australia
6055	-27.4705	153.0295	17.483684	59	Australia
6055	-27.4705	153.0295	17.453064	59	Australia
13663	-30.0315	-51.2295	15.79772	56	Brazil
13663	-30.0315	-51.2295	15.676815	56	Brazil
13663	-30.0315	-51.2295	15.761025	56	Brazil
