#hostname	latitude	longitude	rtt[ms]	ttl	country
#ripeID measurement:	3679591
6047	52.8405	-6.9305	3.669273	59	Ireland
6047	52.8405	-6.9305	3.649084	59	Ireland
6047	52.8405	-6.9305	3.64542	59	Ireland
3579	29.7315	-95.3595	26.681862	53	United States
3579	29.7315	-95.3595	22.572293	53	United States
3579	29.7315	-95.3595	22.508548	53	United States
12605	49.9895	36.2175	54.660515	50	Ukraine
12605	49.9895	36.2175	54.58045	50	Ukraine
12605	49.9895	36.2175	54.58621	50	Ukraine
850	50.3575	7.5895	10.113794	49	Germany
850	50.3575	7.5895	10.020098	49	Germany
850	50.3575	7.5895	10.124546	49	Germany
6132	14.6485	121.0685	73.538261	48	Philippines
6132	14.6485	121.0685	59.11198	48	Philippines
6132	14.6485	121.0685	55.849074	48	Philippines
6029	50.5815	3.1385	5.195493	55	France
6029	50.5815	3.1385	5.151691	55	France
6029	50.5815	3.1385	5.148406	55	France
6055	-27.4705	153.0295	18.272625	59	Australia
6055	-27.4705	153.0295	17.507099	59	Australia
6055	-27.4705	153.0295	17.856999	59	Australia
19592	-18.9115	47.5315	230.00919	47	Madagascar
19592	-18.9115	47.5315	230.468	47	Madagascar
19592	-18.9115	47.5315	231.838365	47	Madagascar
4777	41.8705	12.4805	10.11533	60	Italy
4777	41.8705	12.4805	9.955586	60	Italy
4777	41.8705	12.4805	9.945602	60	Italy
