#hostname	latitude	longitude	rtt[ms]	ttl	country
#ripeID measurement:	3679061
6047	52.8405	-6.9305	3.699566	59	Ireland
6047	52.8405	-6.9305	3.648414	59	Ireland
6047	52.8405	-6.9305	3.647269	59	Ireland
3579	29.7315	-95.3595	22.364165	53	United States
3579	29.7315	-95.3595	24.731909	53	United States
3579	29.7315	-95.3595	19.809796	53	United States
850	50.3575	7.5895	9.986306	47	Germany
850	50.3575	7.5895	9.99245	47	Germany
850	50.3575	7.5895	19.768324	47	Germany
4777	41.8705	12.4805	9.79277	60	Italy
4777	41.8705	12.4805	10.051586	60	Italy
4777	41.8705	12.4805	10.023938	60	Italy
12605	49.9895	36.2175	55.15286	48	Ukraine
12605	49.9895	36.2175	54.97822	48	Ukraine
12605	49.9895	36.2175	55.02203	48	Ukraine
6029	50.5815	3.1385	5.1849	55	France
6029	50.5815	3.1385	5.067295	55	France
6029	50.5815	3.1385	5.134607	55	France
6055	-27.4705	153.0295	17.419602	59	Australia
6055	-27.4705	153.0295	17.446892	59	Australia
6055	-27.4705	153.0295	17.440802	59	Australia
13663	-30.0315	-51.2295	16.228125	56	Brazil
13663	-30.0315	-51.2295	16.179045	56	Brazil
13663	-30.0315	-51.2295	16.17653	56	Brazil
6132	14.6485	121.0685	56.01188	48	Philippines
6132	14.6485	121.0685	53.874278	48	Philippines
6132	14.6485	121.0685	53.762823	48	Philippines
19592	-18.9115	47.5315	230.776495	47	Madagascar
19592	-18.9115	47.5315	230.139905	47	Madagascar
19592	-18.9115	47.5315	230.147395	47	Madagascar
