#hostname	latitude	longitude	rtt[ms]	ttl	country
#ripeID measurement:	3679272
6047	52.8405	-6.9305	3.655897	59	Ireland
6047	52.8405	-6.9305	3.766731	59	Ireland
6047	52.8405	-6.9305	3.772235	59	Ireland
6029	50.5815	3.1385	5.211658	55	France
6029	50.5815	3.1385	5.215148	55	France
6029	50.5815	3.1385	5.193129	55	France
13663	-30.0315	-51.2295	16.26105	56	Brazil
13663	-30.0315	-51.2295	16.14312	56	Brazil
13663	-30.0315	-51.2295	16.15325	56	Brazil
12605	49.9895	36.2175	54.75244	50	Ukraine
12605	49.9895	36.2175	54.63226	50	Ukraine
12605	49.9895	36.2175	54.65508	50	Ukraine
6132	14.6485	121.0685	59.193246	48	Philippines
6132	14.6485	121.0685	59.290746	48	Philippines
6132	14.6485	121.0685	61.445063	48	Philippines
6055	-27.4705	153.0295	17.372486	59	Australia
6055	-27.4705	153.0295	17.36469	59	Australia
6055	-27.4705	153.0295	17.331771	59	Australia
3579	29.7315	-95.3595	22.005508	53	United States
3579	29.7315	-95.3595	19.766788	53	United States
3579	29.7315	-95.3595	22.384132	53	United States
850	50.3575	7.5895	9.772034	47	Germany
850	50.3575	7.5895	9.925634	47	Germany
850	50.3575	7.5895	10.268162	47	Germany
19592	-18.9115	47.5315	231.67705	47	Madagascar
19592	-18.9115	47.5315	632.42688	47	Madagascar
19592	-18.9115	47.5315	231.299175	47	Madagascar
4777	41.8705	12.4805	9.974786	60	Italy
4777	41.8705	12.4805	9.862658	60	Italy
4777	41.8705	12.4805	9.79277	60	Italy
