#hostname	latitude	longitude	rtt[ms]	ttl	country
#ripeID measurement:	3679594
6132	14.6485	121.0685	62.675329	48	Philippines
6132	14.6485	121.0685	59.494718	48	Philippines
6132	14.6485	121.0685	54.716074	48	Philippines
6055	-27.4705	153.0295	17.34364	59	Australia
6055	-27.4705	153.0295	17.308694	59	Australia
6055	-27.4705	153.0295	17.350799	59	Australia
19592	-18.9115	47.5315	230.34417	47	Madagascar
19592	-18.9115	47.5315	230.09607	47	Madagascar
19592	-18.9115	47.5315	229.9327	47	Madagascar
850	50.3575	7.5895	10.002434	49	Germany
850	50.3575	7.5895	10.03085	49	Germany
850	50.3575	7.5895	10.040066	49	Germany
6029	50.5815	3.1385	5.237943	55	France
6029	50.5815	3.1385	5.237792	55	France
6029	50.5815	3.1385	5.260742	55	France
3579	29.7315	-95.3595	21.444101	53	United States
3579	29.7315	-95.3595	28.063494	53	United States
3579	29.7315	-95.3595	21.859588	53	United States
12605	49.9895	36.2175	54.675225	50	Ukraine
12605	49.9895	36.2175	54.582915	50	Ukraine
12605	49.9895	36.2175	54.57487	50	Ukraine
6047	52.8405	-6.9305	3.699963	59	Ireland
6047	52.8405	-6.9305	3.816238	59	Ireland
6047	52.8405	-6.9305	3.78636	59	Ireland
4777	41.8705	12.4805	9.968642	60	Italy
4777	41.8705	12.4805	10.109954	60	Italy
4777	41.8705	12.4805	10.094594	60	Italy
