#hostname	latitude	longitude	rtt[ms]	ttl	country
#ripeID measurement:	3679058
13663	-30.0315	-51.2295	16.25494	56	Brazil
19592	-18.9115	47.5315	230.773865	47	Madagascar
19592	-18.9115	47.5315	230.15424	47	Madagascar
19592	-18.9115	47.5315	230.01048	47	Madagascar
850	50.3575	7.5895	9.991682	47	Germany
850	50.3575	7.5895	9.989378	47	Germany
850	50.3575	7.5895	10.040834	47	Germany
6029	50.5815	3.1385	5.113087	55	France
6029	50.5815	3.1385	5.116023	55	France
6029	50.5815	3.1385	5.102343	55	France
12605	49.9895	36.2175	55.090205	48	Ukraine
12605	49.9895	36.2175	54.97215	48	Ukraine
12605	49.9895	36.2175	55.01542	48	Ukraine
6047	52.8405	-6.9305	3.689117	59	Ireland
6047	52.8405	-6.9305	3.630575	59	Ireland
6047	52.8405	-6.9305	3.657894	59	Ireland
3579	29.7315	-95.3595	24.584452	53	United States
3579	29.7315	-95.3595	23.914757	53	United States
3579	29.7315	-95.3595	27.964422	53	United States
