#hostname	latitude	longitude	rtt[ms]	ttl	country
#ripeID measurement:	3679595
12605	49.9895	36.2175	54.662725	50	Ukraine
12605	49.9895	36.2175	54.581515	50	Ukraine
12605	49.9895	36.2175	54.60562	50	Ukraine
3579	29.7315	-95.3595	28.040453	53	United States
3579	29.7315	-95.3595	22.126853	53	United States
3579	29.7315	-95.3595	22.176005	53	United States
6029	50.5815	3.1385	5.191365	55	France
6029	50.5815	3.1385	5.250452	55	France
6029	50.5815	3.1385	5.325929	55	France
19592	-18.9115	47.5315	229.919915	47	Madagascar
19592	-18.9115	47.5315	229.868115	47	Madagascar
19592	-18.9115	47.5315	229.80746	47	Madagascar
4777	41.8705	12.4805	9.848834	60	Italy
4777	41.8705	12.4805	9.970178	60	Italy
4777	41.8705	12.4805	9.953282	60	Italy
6055	-27.4705	153.0295	17.3644	59	Australia
6055	-27.4705	153.0295	17.3301	59	Australia
6055	-27.4705	153.0295	17.386346	59	Australia
6047	52.8405	-6.9305	3.686202	59	Ireland
6047	52.8405	-6.9305	3.638744	59	Ireland
6047	52.8405	-6.9305	3.645799	59	Ireland
6132	14.6485	121.0685	61.718519	48	Philippines
6132	14.6485	121.0685	55.730523	48	Philippines
6132	14.6485	121.0685	54.944377	48	Philippines
850	50.3575	7.5895	10.010114	49	Germany
850	50.3575	7.5895	10.071554	49	Germany
850	50.3575	7.5895	10.021634	49	Germany
