#hostname	latitude	longitude	rtt[ms]	ttl	country
#ripeID measurement:	3679586
850	50.3575	7.5895	20.374276	49	Germany
850	50.3575	7.5895	10.027778	49	Germany
850	50.3575	7.5895	10.043138	49	Germany
12605	49.9895	36.2175	54.682175	50	Ukraine
12605	49.9895	36.2175	54.585655	50	Ukraine
12605	49.9895	36.2175	54.611775	50	Ukraine
6055	-27.4705	153.0295	17.458198	59	Australia
6055	-27.4705	153.0295	17.326064	59	Australia
6055	-27.4705	153.0295	17.310428	59	Australia
6047	52.8405	-6.9305	3.661953	59	Ireland
6047	52.8405	-6.9305	3.667443	59	Ireland
6047	52.8405	-6.9305	3.656398	59	Ireland
19592	-18.9115	47.5315	231.133585	47	Madagascar
19592	-18.9115	47.5315	230.127345	47	Madagascar
19592	-18.9115	47.5315	229.921645	47	Madagascar
4777	41.8705	12.4805	9.88877	60	Italy
4777	41.8705	12.4805	9.944834	60	Italy
4777	41.8705	12.4805	9.984002	60	Italy
6029	50.5815	3.1385	5.145461	55	France
6029	50.5815	3.1385	5.103328	55	France
6029	50.5815	3.1385	5.128727	55	France
3579	29.7315	-95.3595	162.588705	53	United States
3579	29.7315	-95.3595	238.994736	53	United States
3579	29.7315	-95.3595	23.500037	53	United States
6132	14.6485	121.0685	54.724968	48	Philippines
6132	14.6485	121.0685	64.569354	48	Philippines
6132	14.6485	121.0685	57.703344	48	Philippines
