#hostname	latitude	longitude	rtt[ms]	ttl	country
#ripeID measurement:	3679047
6029	50.5815	3.1385	5.17823	55	France
6029	50.5815	3.1385	5.108783	55	France
6029	50.5815	3.1385	5.07105	55	France
19592	-18.9115	47.5315	230.842425	47	Madagascar
19592	-18.9115	47.5315	230.171095	47	Madagascar
19592	-18.9115	47.5315	230.169515	47	Madagascar
6132	14.6485	121.0685	53.789368	48	Philippines
6132	14.6485	121.0685	53.803713	48	Philippines
6132	14.6485	121.0685	53.735178	48	Philippines
3579	29.7315	-95.3595	21.264389	53	United States
3579	29.7315	-95.3595	24.870917	53	United States
3579	29.7315	-95.3595	26.83239	53	United States
6047	52.8405	-6.9305	3.683417	59	Ireland
6047	52.8405	-6.9305	3.715806	59	Ireland
6047	52.8405	-6.9305	3.640478	59	Ireland
13663	-30.0315	-51.2295	16.23898	56	Brazil
13663	-30.0315	-51.2295	16.175605	56	Brazil
13663	-30.0315	-51.2295	16.165185	56	Brazil
12605	49.9895	36.2175	55.16116	48	Ukraine
12605	49.9895	36.2175	55.070405	48	Ukraine
12605	49.9895	36.2175	55.01185	48	Ukraine
850	50.3575	7.5895	9.974018	47	Germany
850	50.3575	7.5895	10.020866	47	Germany
850	50.3575	7.5895	10.19213	47	Germany
6055	-27.4705	153.0295	17.395736	59	Australia
6055	-27.4705	153.0295	17.322618	59	Australia
6055	-27.4705	153.0295	17.249072	59	Australia
4777	41.8705	12.4805	9.921026	60	Italy
4777	41.8705	12.4805	9.948674	60	Italy
4777	41.8705	12.4805	9.920258	60	Italy
