#hostname	latitude	longitude	rtt[ms]	ttl	country
#ripeID measurement:	3679590
6029	50.5815	3.1385	5.180774	55	France
6029	50.5815	3.1385	5.113523	55	France
6029	50.5815	3.1385	5.124627	55	France
12605	49.9895	36.2175	54.663105	50	Ukraine
12605	49.9895	36.2175	54.576585	50	Ukraine
12605	49.9895	36.2175	54.57183	50	Ukraine
850	50.3575	7.5895	10.020866	49	Germany
850	50.3575	7.5895	10.197506	49	Germany
850	50.3575	7.5895	10.182146	49	Germany
19592	-18.9115	47.5315	230.28109	47	Madagascar
19592	-18.9115	47.5315	233.87683	47	Madagascar
19592	-18.9115	47.5315	229.945055	47	Madagascar
4777	41.8705	12.4805	9.989378	60	Italy
4777	41.8705	12.4805	9.960962	60	Italy
4777	41.8705	12.4805	9.990914	60	Italy
6047	52.8405	-6.9305	3.731136	59	Ireland
6047	52.8405	-6.9305	3.660869	59	Ireland
6047	52.8405	-6.9305	4.093336	59	Ireland
6132	14.6485	121.0685	54.583807	48	Philippines
6132	14.6485	121.0685	54.074159	48	Philippines
6132	14.6485	121.0685	56.084488	48	Philippines
3579	29.7315	-95.3595	34.518535	53	United States
3579	29.7315	-95.3595	26.966789	53	United States
3579	29.7315	-95.3595	24.550661	53	United States
6055	-27.4705	153.0295	17.517314	59	Australia
6055	-27.4705	153.0295	17.403221	59	Australia
6055	-27.4705	153.0295	17.330453	59	Australia
