#hostname	latitude	longitude	rtt[ms]	ttl	country
#ripeID measurement:	3679593
6132	14.6485	121.0685	59.449067	48	Philippines
6132	14.6485	121.0685	55.388006	48	Philippines
6132	14.6485	121.0685	62.490634	48	Philippines
6047	52.8405	-6.9305	3.739146	59	Ireland
6047	52.8405	-6.9305	3.730076	59	Ireland
6047	52.8405	-6.9305	3.737446	59	Ireland
3579	29.7315	-95.3595	21.881861	53	United States
3579	29.7315	-95.3595	23.562245	53	United States
3579	29.7315	-95.3595	23.086853	53	United States
12605	49.9895	36.2175	54.646075	50	Ukraine
12605	49.9895	36.2175	54.594115	50	Ukraine
12605	49.9895	36.2175	54.574105	50	Ukraine
19592	-18.9115	47.5315	230.36859	47	Madagascar
19592	-18.9115	47.5315	229.87391	47	Madagascar
19592	-18.9115	47.5315	230.711085	47	Madagascar
850	50.3575	7.5895	10.12685	49	Germany
850	50.3575	7.5895	10.097666	49	Germany
850	50.3575	7.5895	10.09229	49	Germany
6029	50.5815	3.1385	5.148461	55	France
6029	50.5815	3.1385	5.076124	55	France
6029	50.5815	3.1385	5.142921	55	France
4777	41.8705	12.4805	10.10381	60	Italy
4777	41.8705	12.4805	9.974018	60	Italy
4777	41.8705	12.4805	9.967874	60	Italy
6055	-27.4705	153.0295	17.409631	59	Australia
6055	-27.4705	153.0295	17.34895	59	Australia
6055	-27.4705	153.0295	17.427856	59	Australia
