#hostname	latitude	longitude	rtt[ms]	ttl	country
#ripeID measurement:	3679042
850	50.3575	7.5895	46.456329	57	Germany
850	50.3575	7.5895	11.991555	57	Germany
850	50.3575	7.5895	11.872515	57	Germany
6047	52.8405	-6.9305	20.317783	58	Ireland
6047	52.8405	-6.9305	20.387103	58	Ireland
6047	52.8405	-6.9305	20.317988	58	Ireland
4777	41.8705	12.4805	33.296646	62	Italy
4777	41.8705	12.4805	33.108487	62	Italy
4777	41.8705	12.4805	33.422599	62	Italy
19592	-18.9115	47.5315	216.81515	49	Madagascar
19592	-18.9115	47.5315	215.988595	49	Madagascar
19592	-18.9115	47.5315	216.06718	49	Madagascar
3579	29.7315	-95.3595	137.260059	49	United States
3579	29.7315	-95.3595	137.958172	49	United States
3579	29.7315	-95.3595	133.205018	49	United States
6132	14.6485	121.0685	289.875311	53	Philippines
6132	14.6485	121.0685	289.728432	53	Philippines
6132	14.6485	121.0685	289.860922	53	Philippines
13663	-30.0315	-51.2295	229.73012	54	Brazil
13663	-30.0315	-51.2295	229.703985	54	Brazil
13663	-30.0315	-51.2295	229.66487	54	Brazil
6055	-27.4705	153.0295	307.361045	49	Australia
6055	-27.4705	153.0295	307.310093	49	Australia
6055	-27.4705	153.0295	307.258989	49	Australia
6029	50.5815	3.1385	15.381815	56	France
6029	50.5815	3.1385	15.18224	56	France
6029	50.5815	3.1385	15.30076	56	France
12605	49.9895	36.2175	43.42268	60	Ukraine
12605	49.9895	36.2175	43.11336	60	Ukraine
12605	49.9895	36.2175	43.27995	60	Ukraine
