#hostname	latitude	longitude	rtt[ms]	ttl	country
#ripeID measurement:	3679054
6029	50.5815	3.1385	5.174975	55	France
6029	50.5815	3.1385	5.136547	55	France
6029	50.5815	3.1385	5.081619	55	France
19592	-18.9115	47.5315	230.927255	47	Madagascar
19592	-18.9115	47.5315	230.879395	47	Madagascar
19592	-18.9115	47.5315	230.089305	47	Madagascar
6132	14.6485	121.0685	55.758382	48	Philippines
6132	14.6485	121.0685	54.20271	48	Philippines
6132	14.6485	121.0685	53.746117	48	Philippines
6047	52.8405	-6.9305	3.697702	59	Ireland
6047	52.8405	-6.9305	3.668329	59	Ireland
6047	52.8405	-6.9305	3.646189	59	Ireland
4777	41.8705	12.4805	9.960194	60	Italy
4777	41.8705	12.4805	9.956354	60	Italy
4777	41.8705	12.4805	9.958658	60	Italy
12605	49.9895	36.2175	55.187945	48	Ukraine
12605	49.9895	36.2175	55.004355	48	Ukraine
12605	49.9895	36.2175	55.00486	48	Ukraine
3579	29.7315	-95.3595	20.123908	53	United States
3579	29.7315	-95.3595	20.871172	53	United States
3579	29.7315	-95.3595	25.843973	53	United States
850	50.3575	7.5895	11.623682	47	Germany
850	50.3575	7.5895	10.11917	47	Germany
850	50.3575	7.5895	10.140674	47	Germany
6055	-27.4705	153.0295	17.392611	59	Australia
6055	-27.4705	153.0295	17.439302	59	Australia
6055	-27.4705	153.0295	17.433386	59	Australia
13663	-30.0315	-51.2295	16.30328	56	Brazil
13663	-30.0315	-51.2295	16.166015	56	Brazil
13663	-30.0315	-51.2295	16.1652	56	Brazil
