#hostname	latitude	longitude	rtt[ms]	ttl	country
#ripeID measurement:	3679596
19592	-18.9115	47.5315	230.39464	47	Madagascar
19592	-18.9115	47.5315	230.02678	47	Madagascar
19592	-18.9115	47.5315	229.907055	47	Madagascar
3579	29.7315	-95.3595	34.934023	53	United States
3579	29.7315	-95.3595	21.043205	53	United States
3579	29.7315	-95.3595	21.438725	53	United States
850	50.3575	7.5895	10.014722	49	Germany
850	50.3575	7.5895	10.044674	49	Germany
850	50.3575	7.5895	10.017794	49	Germany
6055	-27.4705	153.0295	17.415896	59	Australia
6055	-27.4705	153.0295	17.393661	59	Australia
6055	-27.4705	153.0295	17.327854	59	Australia
6047	52.8405	-6.9305	3.684983	59	Ireland
6047	52.8405	-6.9305	3.638705	59	Ireland
6047	52.8405	-6.9305	3.633665	59	Ireland
6132	14.6485	121.0685	60.312807	48	Philippines
6132	14.6485	121.0685	64.829255	48	Philippines
6132	14.6485	121.0685	55.552132	48	Philippines
4777	41.8705	12.4805	9.799681	60	Italy
4777	41.8705	12.4805	9.997058	60	Italy
4777	41.8705	12.4805	9.950978	60	Italy
6029	50.5815	3.1385	5.144002	55	France
6029	50.5815	3.1385	5.103829	55	France
6029	50.5815	3.1385	5.102068	55	France
12605	49.9895	36.2175	54.650045	50	Ukraine
12605	49.9895	36.2175	54.57695	50	Ukraine
12605	49.9895	36.2175	54.602765	50	Ukraine
