#hostname	latitude	longitude	rtt[ms]	ttl	country
#ripeID measurement:	3679055
6047	52.8405	-6.9305	3.655553	59	Ireland
6047	52.8405	-6.9305	3.653209	59	Ireland
6047	52.8405	-6.9305	3.665639	59	Ireland
3579	29.7315	-95.3595	19.712259	53	United States
3579	29.7315	-95.3595	20.631556	53	United States
3579	29.7315	-95.3595	23.046149	53	United States
12605	49.9895	36.2175	55.02838	48	Ukraine
12605	49.9895	36.2175	54.990795	48	Ukraine
12605	49.9895	36.2175	55.03683	48	Ukraine
4777	41.8705	12.4805	9.782018	60	Italy
4777	41.8705	12.4805	9.887234	60	Italy
4777	41.8705	12.4805	9.920258	60	Italy
13663	-30.0315	-51.2295	16.23828	56	Brazil
13663	-30.0315	-51.2295	16.184735	56	Brazil
850	50.3575	7.5895	10.214402	47	Germany
850	50.3575	7.5895	10.081538	47	Germany
850	50.3575	7.5895	10.12301	47	Germany
6029	50.5815	3.1385	5.111552	55	France
6029	50.5815	3.1385	5.083779	55	France
6029	50.5815	3.1385	5.094593	55	France
19592	-18.9115	47.5315	230.61553	47	Madagascar
19592	-18.9115	47.5315	230.09757	47	Madagascar
19592	-18.9115	47.5315	230.10586	47	Madagascar
6132	14.6485	121.0685	56.820403	48	Philippines
6132	14.6485	121.0685	59.866405	48	Philippines
6132	14.6485	121.0685	64.232333	48	Philippines
6055	-27.4705	153.0295	17.390277	59	Australia
6055	-27.4705	153.0295	17.35016	59	Australia
6055	-27.4705	153.0295	17.378676	59	Australia
