#hostname	latitude	longitude	rtt[ms]	ttl	country
#ripeID measurement:	3679598
6047	52.8405	-6.9305	3.663813	59	Ireland
6047	52.8405	-6.9305	3.649669	59	Ireland
6047	52.8405	-6.9305	3.694867	59	Ireland
850	50.3575	7.5895	10.224386	49	Germany
850	50.3575	7.5895	10.105346	49	Germany
850	50.3575	7.5895	10.125314	49	Germany
4777	41.8705	12.4805	10.786563	60	Italy
4777	41.8705	12.4805	10.660611	60	Italy
4777	41.8705	12.4805	10.046978	60	Italy
6132	14.6485	121.0685	54.982389	48	Philippines
6132	14.6485	121.0685	54.671522	48	Philippines
6132	14.6485	121.0685	54.16672	48	Philippines
12605	49.9895	36.2175	54.729155	50	Ukraine
12605	49.9895	36.2175	54.635135	50	Ukraine
12605	49.9895	36.2175	54.57647	50	Ukraine
6029	50.5815	3.1385	5.182115	55	France
6029	50.5815	3.1385	5.146601	55	France
6029	50.5815	3.1385	5.076269	55	France
3579	29.7315	-95.3595	25.053701	53	United States
3579	29.7315	-95.3595	20.232196	53	United States
3579	29.7315	-95.3595	26.025989	53	United States
19592	-18.9115	47.5315	230.545595	47	Madagascar
19592	-18.9115	47.5315	229.854175	47	Madagascar
19592	-18.9115	47.5315	229.826595	47	Madagascar
6055	-27.4705	153.0295	17.424282	59	Australia
6055	-27.4705	153.0295	17.412552	59	Australia
6055	-27.4705	153.0295	17.371121	59	Australia
